0.978
0.966
0.974
0.986
0.958
0.950
0.966
0.970
0.986
0.990
0.978
0.966
0.966
0.990
1.002
0.966
0.958
0.962
0.922
0.902
0.894
0.886
0.906
0.930
0.934
0.938
0.950
0.946
0.950
0.950
0.958
0.962
0.938
0.938
0.946
0.950
0.930
0.938
0.934
0.918
0.898
0.906
0.894
0.914
0.938
0.946
0.950
0.982
0.994
1.010
1.002
0.982
0.990
1.002
0.998
0.966
0.922
0.926
0.950
0.954
0.950
0.978
1.006
1.022
1.014
1.026
1.026
1.026
1.006
1.006
1.002
1.014
1.010
1.014
1.006
0.998
1.006
0.994
0.994
0.982
0.966
0.970
0.966
0.958
0.962
0.966
0.966
0.962
0.966
0.978
0.978
0.942
0.946
0.906
0.898
0.894
0.898
0.890
0.898
0.882
0.866
0.886
0.882
0.894
0.898
0.918
0.922
0.926
0.918
0.898
0.874
0.870
0.858
0.882
0.906
0.934
0.970
0.994
1.014
1.042
1.034
1.030
1.046
1.050
1.030
1.010
1.002
0.990
0.970
0.974
0.966
0.966
0.966
0.966
0.966
0.982
0.982
0.982
0.978
0.942
0.938
0.934
0.914
0.906
0.902
0.890
0.878
0.890
0.910
0.926
0.922
0.922
0.942
0.954
0.954
0.942
0.962
0.966
0.974
0.970
0.962
0.986
0.986
0.982
0.994
0.986
0.970
0.962
0.966
0.958
0.962
0.970
0.970
0.934
0.910
0.874
0.866
0.874
0.894
0.898
0.890
0.930
0.938
0.934
0.902
0.918
0.942
0.966
0.978
0.986
1.002
1.010
1.006
0.990
0.994
0.994
0.986
0.978
0.978
0.978
0.986
0.986
0.978
0.990
0.994
0.958
0.942
0.942
0.950
0.934
0.926
0.930
0.938
0.930
0.946
0.962
0.962
0.978
0.962
0.986
0.978
0.966
0.954
0.970
0.974
0.962
0.970
0.970
0.970
0.950
0.942
0.946
0.942
0.922
0.934
0.942
0.934
0.938
0.954
0.958
0.954
0.934
0.950
0.938
0.926
0.938
0.954
0.950
0.950
0.962
0.962
0.950
0.950
0.958
0.954
0.950
0.942
0.946
0.942
0.934
0.946
0.966
0.966
0.950
0.938
0.918
0.926
0.922
0.910
0.930
0.930
0.922
0.890
0.906
0.902
0.878
0.886
0.894
0.882
0.878
0.878
0.882
0.902
0.926
0.966
0.998
1.010
1.014
1.030
1.026
1.018
1.022
1.022
1.002
0.990
0.990
0.994
0.986
0.974
0.966
0.982
0.970
0.942
0.954
0.962
0.966
0.958
0.950
0.970
0.966
0.958
0.966
0.982
0.986
0.990
0.998
0.998
0.990
0.978
0.998
1.006
0.994
0.982
1.002
0.990
0.970
0.958
0.966
0.974
0.962
0.966
0.974
0.974
0.974
0.982
0.986
0.966
0.958
0.958
0.970
0.946
0.950
0.958
0.958
0.942
0.946
0.954
0.966
0.954
0.946
0.970
0.962
0.950
0.958
0.962
0.954
0.946
0.958
0.954
0.958
0.946
0.942
0.926
0.926
0.946
0.954
0.962
0.962
0.986
0.990
0.990
0.974
1.002
0.994
0.982
0.986
0.990
0.986
0.970
0.954
0.974
0.974
0.974
0.946
0.966
0.970
0.974
0.958
0.974
0.978
0.974
0.966
0.958
0.970
0.978
0.978
0.974
0.978
0.986
0.990
1.002
1.006
1.010
0.994
0.974
0.990
0.986
0.990
0.966
0.958
0.958
0.958
0.946
0.926
0.934
0.946
0.934
0.914
0.938
0.954
0.954
0.926
0.950
0.958
0.970
0.954
0.962
0.958
0.958
0.946
0.954
0.966
0.974
0.986
0.986
0.998
0.990
0.978
0.990
0.990
0.982
0.974
0.986
0.978
0.958
0.954
0.970
0.966
0.974
0.958
0.974
0.982
0.982
0.966
0.974
0.974
0.974
0.958
0.962
0.966
0.966
0.950
0.954
0.958
0.974
0.962
0.962
0.958
0.962
0.958
0.958
0.966
0.982
0.970
0.974
0.986
0.958
0.942
0.938
0.878
0.882
0.886
0.922
0.934
0.942
0.970
0.970
0.970
0.978
0.982
0.982
0.966
0.942
0.958
0.966
0.974
0.982
0.982
1.006
1.002
1.002
1.002
0.986
0.978
0.966
0.974
0.974
0.974
0.974
0.986
0.994
0.994
0.998
0.982
0.966
0.966
0.954
0.954
0.938
0.930
0.930
0.926
0.902
0.918
0.934
0.954
0.950
0.962
0.998
0.994
0.974
0.982
0.994
0.990
0.978
0.994
0.998
0.998
0.994
1.002
1.006
0.994
1.006
1.014
1.014
1.002
1.010
1.014
1.006
1.002
1.006
1.002
1.002
0.982
0.982
0.982
0.978
0.954
0.966
0.962
0.962
0.938
0.950
0.962
0.958
0.970
0.985
0.993
0.973
0.981
0.977
0.969
0.945
0.961
0.957
0.945
0.953
0.965
0.965
0.965
0.997
0.997
0.985
0.981
0.993
0.985
0.973
0.973
0.989
0.977
0.973
0.985
0.981
0.985
0.969
0.989
0.997
0.993
0.981
0.993
0.985
0.973
0.973
0.993
1.001
1.017
1.001
1.021
1.037
1.041
1.025
1.017
1.033
1.045
1.037
0.985
0.969
0.965
0.933
0.953
0.957
0.945
0.961
1.001
1.017
1.029
1.045
1.045
1.049
1.041
1.029
1.025
1.025
1.013
0.993
0.985
0.993
0.997
0.993
0.981
0.989
0.985
0.945
0.917
0.885
0.885
0.897
0.849
0.845
0.861
0.889
0.925
0.917
0.925
0.945
0.929
0.933
0.933
0.905
0.909
0.905
0.901
0.893
0.901
0.897
0.893
0.917
0.929
0.953
0.953
0.973
0.997
1.017
1.025
1.025
1.005
1.001
0.985
0.993
0.981
0.977
0.977
0.969
0.965
0.957
0.969
0.965
0.961
0.957
0.965
0.957
0.957
0.957
0.957
0.953
0.953
0.965
0.965
0.973
0.969
0.977
0.985
0.985
0.981
0.977
0.985
0.985
0.989
0.969
0.977
0.973
0.973
0.977
0.969
0.989
0.997
0.981
0.985
0.977
0.993
0.989
0.977
0.973
0.977
0.973
0.969
0.961
0.969
0.965
0.973
0.949
0.957
0.969
0.973
0.961
0.977
0.973
0.981
0.985
0.993
0.989
0.973
0.973
0.973
0.965
0.945
0.953
0.953
0.953
0.949
0.957
0.965
0.965
0.957
0.965
0.952
0.960
0.964
0.964
0.952
0.968
0.972
0.972
0.964
0.976
0.980
0.976
0.968
0.976
0.980
0.984
0.980
0.984
0.984
0.988
0.984
0.984
0.996
1.000
0.988
0.992
0.996
0.980
0.964
0.960
0.976
0.976
0.960
0.956
0.968
0.964
0.944
0.944
0.952
0.964
0.960
0.948
0.964
0.968
0.952
0.944
0.956
0.952
0.948
0.936
0.948
0.956
0.956
0.956
0.960
0.968
0.956
0.960
0.964
0.968
0.956
0.976
0.980
0.976
0.964
0.972
0.980
0.976
0.964
0.980
0.980
0.972
0.964
0.964
0.980
0.976
0.968
0.956
0.964
0.972
0.964
0.964
0.992
0.992
0.968
0.956
0.892
0.896
0.912
0.916
0.952
0.988
1.004
0.992
0.988
0.992
0.988
0.972
0.980
0.992
0.984
0.972
0.976
0.988
0.992
0.976
0.992
1.004
1.012
1.012
1.024
1.024
1.024
1.000
0.996
1.008
1.000
1.000
0.984
0.996
0.996
0.984
0.976
0.984
0.980
0.972
0.952
0.944
0.956
0.960
0.960
0.956
0.960
0.976
0.972
0.952
0.964
0.980
0.980
0.980
0.984
0.996
1.008
0.991
0.991
0.987
0.999
0.975
0.975
0.983
0.983
0.963
0.975
0.987
0.987
0.983
0.975
0.983
0.995
0.987
0.971
0.979
0.979
0.971
0.959
0.971
0.971
0.967
0.963
0.971
0.979
0.987
0.979
0.967
0.983
0.991
0.983
0.963
0.971
0.975
0.983
0.963
0.975
0.987
0.983
0.975
0.995
1.011
1.007
0.995
1.003
1.015
1.011
0.995
1.015
0.975
0.955
0.915
0.911
0.907
0.903
0.899
0.927
0.931
0.899
0.915
0.935
0.927
0.935
0.955
0.959
0.955
0.975
0.995
1.015
0.999
0.991
0.975
0.987
0.939
0.951
0.919
0.931
0.939
0.935
0.895
0.911
0.887
0.899
0.915
0.915
0.935
0.891
0.907
0.915
0.907
0.915
0.923
0.923
0.927
0.919
0.931
0.947
0.963
0.983
0.983
1.015
1.019
1.019
1.023
1.035
1.031
1.035
1.023
1.011
1.011
0.963
0.987
0.979
0.955
0.951
0.943
0.939
0.939
0.894
0.914
0.914
0.910
0.898
0.898
0.902
0.902
0.894
0.850
0.878
0.878
0.890
0.918
0.934
0.966
0.998
1.006
1.014
1.034
1.030
1.038
1.026
1.002
1.010
0.998
0.990
0.990
0.982
0.986
0.998
0.994
0.978
0.982
0.990
0.994
0.978
0.978
0.970
0.970
0.986
0.990
0.974
0.958
0.970
0.970
0.978
0.958
0.946
0.938
0.954
0.970
0.978
0.970
0.926
0.890
0.894
0.914
0.922
0.942
0.970
1.002
1.014
1.010
1.014
1.014
1.010
0.998
1.002
1.002
1.006
1.006
1.002
1.006
0.958
0.966
0.954
0.946
0.934
0.942
0.950
0.954
0.970
0.974
0.986
0.982
0.970
0.986
0.986
0.982
0.982
0.982
0.982
0.990
0.994
0.990
0.970
0.978
0.982
0.974
0.966
0.970
0.974
0.966
0.954
0.962
0.969
0.957
0.957
0.961
0.953
0.941
0.949
0.941
0.941
0.949
0.949
0.933
0.945
0.953
0.937
0.941
0.965
0.965
0.957
0.961
0.973
0.969
0.961
0.969
0.981
0.981
0.985
0.989
0.973
0.969
0.985
0.985
0.981
0.961
0.937
0.949
0.949
0.929
0.937
0.949
0.957
0.945
0.945
0.965
0.961
0.945
0.949
0.949
0.949
0.965
0.965
0.953
0.961
0.973
0.977
0.977
0.981
0.985
0.985
0.973
0.973
0.969
0.917
0.937
0.913
0.905
0.913
0.913
0.905
0.901
0.901
0.873
0.889
0.889
0.901
0.913
0.929
0.933
0.945
0.965
0.985
0.989
1.005
1.005
0.973
0.977
0.921
0.897
0.905
0.925
0.941
0.953
0.961
0.953
0.973
0.981
0.968
0.960
0.972
0.976
0.964
0.956
0.968
0.984
0.984
0.972
0.996
1.000
0.996
0.980
0.984
0.976
0.976
0.968
0.964
0.992
0.988
0.992
0.976
0.984
0.996
0.984
0.968
0.976
0.984
0.972
0.968
0.980
0.972
0.956
0.968
0.968
0.968
0.956
0.976
0.980
0.976
0.964
0.984
0.984
0.980
0.988
0.972
0.972
0.984
0.984
0.976
0.972
0.976
0.984
0.992
0.988
0.972
0.992
0.980
0.972
0.964
0.984
0.984
0.976
0.964
0.984
0.988
0.984
0.972
0.972
0.980
0.976
0.956
0.964
0.984
0.988
0.984
0.988
1.000
0.996
0.988
0.984
0.988
0.984
0.972
0.992
0.992
0.984
0.975
0.979
0.987
1.003
0.991
0.975
0.983
0.983
0.979
0.971
0.971
0.975
0.975
0.967
0.975
0.991
0.995
0.987
1.007
1.003
0.995
0.983
0.999
1.003
1.007
0.983
0.991
0.995
0.991
0.983
0.971
0.995
0.999
0.983
0.979
1.003
1.007
0.987
0.995
0.995
0.979
0.967
0.979
0.983
0.963
0.975
0.991
0.987
0.987
1.007
0.987
0.959
0.967
0.959
0.963
0.959
0.963
0.963
0.975
0.983
0.979
0.979
0.955
0.947
0.959
0.963
0.959
0.959
0.971
0.975
0.979
0.987
1.003
1.007
0.999
0.995
0.991
0.995
0.983
0.983
0.995
1.007
0.986
0.998
1.006
0.998
0.986
0.994
1.002
0.986
0.986
0.994
0.994
0.982
0.994
1.002
0.990
0.994
1.002
1.006
0.986
0.990
0.994
0.990
0.982
0.974
0.978
0.986
0.990
0.982
0.982
0.982
0.982
0.978
0.958
0.974
0.970
0.966
0.978
0.982
0.974
0.970
0.970
0.982
0.982
0.986
0.938
0.938
0.890
0.866
0.874
0.882
0.906
0.926
0.930
0.950
0.970
0.982
0.982
0.994
1.002
1.014
1.002
1.014
1.038
1.058
1.054
1.066
1.054
1.042
1.026
1.042
1.042
1.018
1.026
1.030
1.018
1.006
1.026
1.021
1.009
0.997
1.001
1.009
1.001
1.009
1.005
1.005
1.001
0.989
1.001
0.997
0.993
0.977
0.985
0.977
0.977
0.961
0.965
0.969
0.977
0.969
0.973
0.981
0.985
0.973
0.973
0.997
1.001
0.997
1.001
1.013
1.017
0.997
0.997
0.989
0.985
0.977
0.985
0.981
0.973
0.977
0.985
0.985
0.961
0.961
0.969
0.969
0.965
0.957
0.981
0.997
1.017
1.009
1.029
1.049
1.033
1.025
1.033
1.029
1.009
1.001
1.021
1.021
1.013
0.997
1.009
1.013
1.001
0.993
1.001
1.001
0.988
0.984
0.972
0.984
0.972
0.996
1.020
1.024
1.016
1.012
1.016
1.016
0.992
0.996
1.000
0.996
0.988
1.000
1.004
0.996
0.996
1.000
0.996
0.964
0.972
0.968
0.956
0.960
0.956
0.984
1.000
0.988
1.000
1.020
1.024
1.012
1.016
1.032
1.032
1.024
1.012
1.012
1.020
1.000
1.012
1.016
1.024
1.012
1.008
1.016
1.012
1.012
1.000
1.000
1.016
1.016
1.016
0.996
1.008
1.016
0.996
0.972
0.980
0.968
0.944
0.960
0.936
0.952
0.964
0.951
0.963
0.971
0.951
0.975
0.979
0.967
0.983
1.003
1.015
1.003
1.031
1.023
0.999
0.999
0.987
0.999
1.003
0.995
1.011
1.011
1.007
1.003
1.019
1.023
1.031
1.027
1.015
1.027
1.011
0.995
0.963
0.963
0.959
0.947
0.959
0.975
0.971
0.959
0.975
0.979
0.971
0.983
0.967
0.947
0.959
0.979
0.987
0.999
1.003
1.023
1.031
1.015
1.015
1.023
1.019
1.015
1.003
0.991
0.995
0.987
0.979
0.983
0.987
0.995
0.975
0.966
0.970
0.962
0.958
0.974
0.974
0.954
0.966
0.982
0.974
0.970
0.994
1.010
0.998
0.986
1.010
0.998
0.990
1.006
1.022
1.018
1.002
1.014
1.018
1.010
0.998
1.010
1.010
1.006
0.994
1.010
1.006
0.994
0.990
0.990
0.998
0.994
0.986
0.990
1.002
1.014
0.998
0.994
1.002
0.998
0.978
0.978
0.986
0.990
0.990
0.970
0.990
0.978
0.970
0.974
1.006
1.002
0.990
1.010
1.010
0.998
0.998
1.006
0.998
0.985
0.981
0.997
0.989
0.993
0.969
0.973
0.985
0.969
0.961
0.989
1.005
0.997
0.997
1.021
1.037
1.025
1.009
1.025
1.009
0.993
0.977
0.993
0.997
0.985
0.973
0.989
1.001
1.025
0.989
0.969
0.977
0.969
0.937
0.957
0.969
1.001
0.993
1.021
1.041
1.041
1.029
1.045
1.033
1.037
1.045
1.045
1.045
1.049
1.049
1.045
1.049
1.061
1.065
1.065
1.065
1.049
1.041
1.057
1.057
1.053
1.016
1.000
1.016
1.016
1.000
0.976
1.008
1.024
1.008
1.004
1.028
1.052
1.044
1.024
1.020
1.032
1.036
1.016
0.996
0.988
0.996
0.996
0.992
1.008
1.016
1.032
1.032
1.024
1.024
1.020
1.016
1.020
1.028
1.028
1.012
1.024
0.996
0.976
0.988
0.996
1.000
1.004
1.032
1.048
1.060
1.040
1.056
1.060
1.056
1.048
1.036
1.016
1.028
1.028
1.028
1.016
1.024
1.028
1.016
1.003
1.007
1.027
1.043
1.023
0.955
0.915
0.931
0.927
0.947
0.959
0.975
1.027
1.043
1.055
1.071
1.079
1.071
1.059
1.051
1.039
1.039
1.035
1.039
1.043
1.035
1.047
1.051
1.055
1.055
1.043
1.035
1.011
1.015
1.015
1.027
1.011
1.015
1.035
1.031
0.991
1.019
1.023
0.999
0.987
0.995
0.979
0.975
0.995
1.011
1.003
1.011
1.039
1.043
1.031
1.003
0.987
0.966
0.974
0.946
0.970
0.974
0.970
0.950
0.962
0.966
0.958
0.934
0.946
0.930
0.946
0.958
0.966
0.974
0.990
1.006
1.026
1.046
1.046
1.054
1.054
1.062
1.054
1.062
1.070
1.066
1.062
1.046
1.046
1.022
0.994
1.002
1.010
1.006
1.006
1.022
1.034
1.018
1.010
1.022
1.030
1.034
1.010
1.010
1.006
0.990
0.986
0.994
0.998
0.990
1.006
1.006
0.993
0.985
0.989
0.981
0.965
0.945
0.957
0.981
0.993
0.977
0.981
1.009
1.009
1.001
1.013
1.017
0.997
1.009
1.029
1.037
1.009
1.025
1.021
1.017
1.017
1.025
1.025
1.013
1.001
1.021
1.017
1.005
1.021
1.021
1.009
1.013
1.029
1.037
1.013
1.021
1.037
1.041
1.029
1.041
1.057
1.041
1.021
1.033
1.041
1.025
1.009
1.005
1.013
0.992
0.984
1.004
1.012
1.004
1.008
1.012
1.024
1.024
1.020
1.036
1.020
1.004
1.004
1.012
1.004
0.980
0.980
0.988
0.996
0.984
0.972
0.984
1.000
1.004
0.996
0.984
1.000
1.000
1.008
1.000
1.024
1.024
1.021
1.013
1.025
1.025
1.005
0.989
0.993
0.973
0.973
0.977
0.989
0.997
0.961
0.953
0.957
0.945
0.973
0.977
0.949
0.961
0.965
0.945
0.913
0.945
0.965
0.957
0.969
0.993
0.993
1.005
1.005
1.009
0.993
1.009
1.017
0.989
1.005
0.945
0.973
0.977
0.945
0.953
0.941
0.905
0.913
0.873
0.853
0.853
0.805
0.789
0.769
0.769
0.765
0.777
0.777
0.773
0.789
0.773
0.769
0.757
0.753
0.753
0.765
0.793
0.821
0.833
0.845
0.861
0.881
0.893
0.897
0.849
0.845
0.849
0.857
0.865
0.873
0.885
0.897
0.917
0.917
0.929
0.941
0.941
0.949
0.953
0.965
0.957
0.945
0.945
0.945
0.941
0.937
0.925
0.925
0.925
0.933
0.929
0.925
0.945
0.945
0.945
0.945
0.933
0.929
0.937
0.925
0.929
0.945
0.945
0.957
0.949
0.949
0.961
0.949
0.941
0.933
0.937
0.925
0.925
0.941
0.941
0.933
0.921
0.901
0.885
0.862
0.854
0.846
0.854
0.882
0.894
0.906
0.914
0.942
0.946
0.926
0.926
0.946
0.946
0.942
0.950
0.958
0.950
0.950
0.966
0.962
0.954
0.946
0.958
0.962
0.950
0.938
0.942
0.946
0.954
0.942
0.950
0.958
0.950
0.958
0.970
0.970
0.958
0.962
0.966
0.958
0.954
0.954
0.950
0.950
0.942
0.954
0.954
0.950
0.966
0.970
0.970
0.962
0.974
0.966
0.958
0.954
0.954
0.954
0.938
0.934
0.942
0.950
0.942
0.930
0.930
0.942
0.930
0.930
0.942
0.950
0.954
0.946
0.946
0.946
0.954
0.942
0.946
0.950
0.934
0.926
0.946
0.942
0.942
0.938
0.954
0.962
0.946
0.950
0.958
0.958
0.954
0.974
0.986
1.002
1.010
1.018
1.002
0.994
0.990
0.986
0.982
0.974
0.982
0.986
0.982
0.982
0.998
1.002
0.982
0.998
0.998
0.986
0.978
0.990
0.986
0.982
0.982
0.998
0.994
0.990
0.998
1.010
0.994
0.982
0.994
0.986
0.986
0.986
0.998
0.986
0.974
0.970
0.962
0.946
0.962
0.954
0.954
0.950
0.982
0.994
0.990
0.986
0.986
0.986
0.982
0.974
0.994
0.998
0.998
0.990
0.998
0.986
0.983
0.975
0.979
0.987
0.971
0.987
1.007
1.007
0.995
1.003
1.019
1.007
0.995
0.995
1.011
1.003
0.995
0.991
0.999
0.979
0.967
0.975
0.983
0.979
0.975
0.959
0.979
0.963
0.919
0.931
0.903
0.915
0.935
0.943
0.955
0.971
0.979
0.967
0.983
0.979
0.975
0.979
0.991
0.979
0.987
0.987
1.003
0.999
0.995
1.011
1.027
1.027
1.027
1.019
1.015
0.971
0.971
0.983
0.975
0.959
0.967
0.963
0.947
0.943
0.943
0.951
0.947
0.943
0.931
0.911
0.931
0.927
0.935
0.935
0.939
0.963
0.943
0.951
0.955
0.951
0.963
0.971
0.975
0.987
1.015
1.039
1.035
1.031
1.043
1.039
1.031
1.039
1.023
1.035
1.039
1.043
1.023
1.031
1.035
1.031
1.023
1.007
1.031
1.027
1.019
1.003
1.019
1.019
0.995
0.975
0.995
0.995
0.979
0.995
1.003
1.007
0.991
1.011
1.015
1.015
0.995
0.995
1.003
1.007
1.007
1.003
0.991
0.999
0.999
0.995
0.987
1.011
1.015
1.015
1.011
1.023
1.019
1.003
0.995
1.015
1.027
1.015
0.995
1.027
1.019
1.015
0.995
0.995
0.999
1.003
0.983
1.007
1.023
1.019
1.011
1.035
1.039
1.027
1.023
1.035
1.039
1.027
1.023
1.023
1.011
1.003
1.007
1.007
0.999
0.979
0.995
1.007
1.011
1.015
1.031
1.035
1.015
1.023
1.019
1.007
1.015
1.023
1.031
1.023
1.031
1.039
1.039
1.027
1.011
1.019
1.027
0.995
0.999
1.003
0.999
0.991
0.987
1.011
1.019
1.003
0.999
1.015
1.007
0.999
0.979
0.987
0.987
0.987
0.979
0.999
1.019
1.027
1.016
1.024
1.012
1.004
1.008
1.012
1.028
1.004
0.984
0.976
0.936
0.924
0.928
0.952
0.952
0.984
1.008
1.028
1.008
1.012
1.012
1.012
1.008
1.028
1.036
1.032
1.036
1.056
1.048
1.032
1.040
1.044
1.040
1.028
1.036
1.044
1.036
1.028
1.048
1.048
1.048
1.036
1.044
1.032
1.020
1.004
1.024
1.016
0.992
0.976
0.996
1.000
0.988
0.956
0.968
0.956
0.936
0.924
0.888
0.868
0.868
0.864
0.892
0.920
0.940
0.948
0.976
0.996
0.992
0.988
1.008
1.016
1.020
1.020
1.036
1.040
1.040
1.052
1.048
1.024
1.012
1.008
0.992
0.960
0.916
0.924
0.928
0.944
0.936
0.948
0.984
0.992
0.996
1.024
1.008
0.992
0.996
0.996
0.980
0.976
0.976
0.920
0.944
0.932
0.932
0.932
0.936
0.944
0.984
1.004
1.020
1.056
1.072
1.076
1.056
1.052
1.056
1.040
1.036
1.048
1.048
1.028
1.032
1.044
1.044
1.024
1.036
1.036
1.020
1.008
1.024
1.044
1.036
1.012
1.024
1.032
1.008
1.012
1.016
1.004
0.996
1.008
1.016
1.012
1.000
1.016
1.020
1.012
1.008
1.024
1.028
1.020
1.020
1.012
1.016
0.988
0.972
0.972
0.984
0.984
0.996
1.020
1.028
1.012
1.008
1.020
1.016
1.008
1.020
1.024
1.036
1.024
1.024
1.028
1.008
1.004
1.016
1.024
1.032
1.028
1.036
1.048
1.000
0.936
0.952
0.964
0.964
0.944
0.972
0.984
0.968
0.984
1.008
1.004
0.996
1.004
1.024
1.008
1.032
1.040
1.016
1.020
1.032
1.032
1.052
1.044
1.044
1.048
1.040
1.000
1.016
1.008
0.988
0.972
0.968
0.948
0.936
0.928
0.920
0.932
0.948
0.968
0.968
0.996
1.004
1.012
1.028
1.028
1.036
1.052
1.044
1.008
1.020
1.024
1.032
1.004
0.972
0.972
0.964
0.948
0.936
0.932
0.920
0.904
0.884
0.880
0.888
0.904
0.932
0.956
0.980
1.008
1.012
0.996
0.984
0.984
0.992
0.964
0.984
0.968
0.956
0.948
0.960
0.968
0.976
0.984
0.980
0.976
0.984
1.004
0.996
1.004
1.004
1.020
1.004
1.000
1.008
0.996
0.960
0.960
0.900
0.912
0.908
0.896
0.896
0.900
0.904
0.904
0.908
0.900
0.920
0.924
0.920
0.944
0.952
0.940
0.964
0.940
0.948
0.928
0.924
0.932
0.936
0.944
0.944
0.928
0.932
0.940
0.912
0.928
0.928
0.940
0.952
0.972
0.976
0.988
0.988
0.996
0.988
0.996
0.988
0.984
0.996
1.016
1.020
1.020
1.016
0.964
0.964
0.924
0.904
0.888
0.896
0.868
0.884
0.896
0.912
0.912
0.924
0.924
0.916
0.928
0.864
0.876
0.856
0.864
0.876
0.880
0.888
0.884
0.868
0.880
0.888
0.880
0.876
0.864
0.876
0.888
0.868
0.880
0.896
0.908
0.924
0.960
0.956
0.980
0.992
0.968
0.948
0.916
0.908
0.916
0.880
0.888
0.912
0.932
0.932
0.932
0.928
0.896
0.900
0.900
0.908
0.892
0.876
0.864
0.884
0.888
0.892
0.928
0.936
0.948
0.912
0.936
0.936
0.932
0.932
0.904
0.896
0.860
0.868
0.844
0.864
0.868
0.880
0.904
0.896
0.892
0.900
0.908
0.900
0.880
0.884
0.872
0.876
0.884
0.892
0.852
0.884
0.896
0.908
0.884
0.924
0.932
0.912
0.892
0.884
0.888
0.880
0.892
0.916
0.912
0.896
0.900
0.876
0.876
0.876
0.872
0.852
0.880
0.900
0.904
0.920
0.920
0.892
0.924
0.916
0.856
0.860
0.880
0.916
0.952
0.988
1.020
1.024
1.024
1.032
1.020
1.000
0.992
1.000
0.948
0.936
0.932
0.912
0.904
0.892
0.868
0.892
0.896
0.904
0.876
0.904
0.904
0.916
0.920
0.916
0.952
0.984
1.016
1.040
1.032
1.044
1.044
1.000
0.988
0.940
0.936
0.932
0.944
0.948
0.932
0.932
0.936
0.924
0.900
0.908
0.920
0.920
0.936
0.940
0.952
0.956
0.980
0.996
0.968
0.932
0.940
0.936
0.908
0.896
0.884
0.876
0.884
0.896
0.896
0.876
0.892
0.884
0.900
0.908
0.920
0.880
0.912
0.920
0.896
0.924
0.928
0.948
0.952
0.924
0.920
0.932
0.928
0.912
0.920
0.892
0.928
0.936
0.940
0.912
0.880
0.908
0.920
0.956
0.976
0.984
1.004
1.024
1.028
1.028
1.032
1.032
1.032
1.032
1.016
1.008
1.012
1.012
1.004
1.004
0.992
1.000
0.948
0.956
0.948
0.944
0.904
0.912
0.936
0.932
0.916
0.928
0.912
0.888
0.908
0.928
0.944
0.944
0.976
0.984
0.996
1.004
1.000
1.004
1.012
1.012
1.000
0.992
1.012
1.024
1.044
1.052
1.056
1.044
1.036
1.048
1.048
1.056
1.064
1.048
1.040
1.012
1.028
1.024
1.016
0.992
1.004
1.016
1.012
1.004
0.980
0.952
0.956
0.956
0.956
0.900
0.892
0.884
0.884
0.892
0.892
0.884
0.892
0.900
0.912
0.916
0.896
0.908
0.912
0.880
0.912
0.916
0.916
0.916
0.880
0.896
0.904
0.896
0.916
0.920
0.912
0.920
0.916
0.892
0.884
0.892
0.904
0.904
0.892
0.908
0.916
0.900
0.920
0.936
0.944
0.960
0.984
1.004
1.004
1.004
0.980
0.932
0.944
0.928
0.924
0.884
0.896
0.860
0.872
0.868
0.892
0.900
0.920
0.940
0.972
0.984
1.000
1.016
1.016
1.004
1.012
1.016
1.016
1.020
1.024
1.020
1.008
1.012
1.016
1.016
1.020
1.028
1.020
1.012
1.012
1.012
1.012
1.008
0.992
0.992
1.000
1.012
1.008
0.992
1.012
1.028
1.024
1.004
1.020
1.012
0.992
0.968
0.972
0.984
0.964
0.956
0.980
0.996
0.996
0.988
1.000
1.008
1.012
1.004
1.008
1.000
1.000
0.984
1.004
1.004
0.999
0.991
0.983
0.987
0.999
0.979
0.975
0.979
0.987
0.967
0.979
0.991
0.995
0.983
0.987
0.971
0.963
0.963
0.991
0.991
0.983
0.975
0.983
0.991
0.975
0.971
0.995
1.003
0.979
0.991
1.011
1.015
1.007
1.023
1.023
1.023
1.003
1.007
1.011
1.003
0.995
1.007
1.019
0.995
1.003
1.003
1.007
1.003
1.003
0.999
0.987
0.995
1.015
1.019
1.003
1.023
1.027
1.011
1.015
1.011
0.991
0.979
0.983
0.983
0.967
0.975
1.003
1.007
0.999
1.015
1.011
0.995
0.983
0.995
0.991
0.983
0.991
1.011
0.999
0.995
1.007
1.003
0.983
0.991
0.999
0.999
0.983
0.995
1.007
0.999
0.999
1.011
1.019
1.003
1.011
1.019
1.007
0.999
1.011
1.019
1.003
1.007
1.019
1.011
1.011
1.007
1.003
0.991
0.995
1.007
1.007
0.999
1.011
1.023
1.003
1.007
1.015
0.995
0.991
1.015
1.015
1.007
1.015
1.023
1.023
1.003
1.011
1.023
1.015
0.999
1.015
1.019
0.991
0.975
0.991
0.995
0.999
1.031
1.043
1.019
0.955
0.939
0.931
0.907
0.939
0.943
0.943
0.975
0.983
0.979
0.983
1.019
1.031
1.039
1.031
1.035
1.027
1.011
1.023
1.031
1.027
1.011
1.027
1.031
1.027
1.019
1.023
1.027
1.019
1.007
1.023
1.027
1.015
1.035
1.035
1.011
1.007
1.007
0.987
0.971
0.995
0.991
0.967
0.975
0.979
0.967
0.963
0.983
0.979
0.971
0.999
0.995
0.975
0.991
0.995
0.983
0.987
0.995
1.007
0.991
0.999
0.939
0.927
0.923
0.903
0.883
0.875
0.887
0.879
0.883
0.891
0.855
0.882
0.878
0.886
0.906
0.894
0.878
0.902
0.902
0.902
0.898
0.890
0.910
0.910
0.906
0.918
0.946
0.962
0.982
0.982
1.002
0.990
0.922
0.902
0.910
0.922
0.918
0.866
0.870
0.878
0.882
0.886
0.890
0.882
0.854
0.858
0.866
0.838
0.818
0.834
0.846
0.858
0.890
0.902
0.906
0.910
0.934
0.946
0.974
0.990
1.014
1.026
1.050
1.050
1.030
1.034
1.030
1.038
1.026
1.006
1.010
1.006
1.006
0.994
0.986
1.010
1.018
0.994
0.994
1.014
1.014
0.990
1.002
1.010
1.026
1.002
1.018
1.034
1.022
1.010
1.006
1.002
0.986
0.990
1.014
0.990
0.958
0.974
0.978
0.974
0.970
0.986
0.986
0.978
0.998
1.006
1.002
0.994
1.010
1.010
0.990
1.018
1.026
1.014
1.018
1.022
1.018
1.010
1.010
1.018
1.018
1.030
1.054
1.054
1.030
1.034
1.030
1.002
0.962
0.946
0.950
0.942
0.926
0.930
0.942
0.938
0.906
0.930
0.902
0.910
0.922
0.934
0.954
0.930
0.926
0.902
0.918
0.914
0.914
0.910
0.890
0.890
0.890
0.902
0.902
0.906
0.922
0.942
0.922
0.938
0.926
0.934
0.930
0.934
0.949
0.969
0.989
1.017
1.037
1.041
1.049
1.053
1.065
1.053
1.041
1.037
1.037
1.021
1.009
0.973
0.993
0.877
1.077
0.953
0.941
0.937
0.901
0.909
0.889
0.913
0.921
0.921
0.881
0.897
0.881
0.893
0.913
0.933
0.945
0.909
0.905
0.917
0.921
0.885
0.913
0.905
0.917
0.913
0.909
0.925
0.945
0.945
0.937
0.921
0.917
0.885
0.897
0.845
0.841
0.853
0.897
0.929
0.957
0.973
0.993
1.009
1.005
1.005
1.013
1.009
1.009
1.017
1.009
1.013
1.021
1.033
1.045
1.037
1.033
1.021
1.017
1.001
0.981
0.965
0.957
0.961
0.941
0.957
0.973
0.981
0.985
0.957
0.929
0.945
0.957
0.929
0.901
0.905
0.865
0.885
0.893
0.901
0.905
0.877
0.893
0.913
0.921
0.937
0.941
0.921
0.913
0.897
0.893
0.913
0.921
0.889
0.889
0.905
0.909
0.897
0.885
0.901
0.905
0.873
0.897
0.901
0.897
0.869
0.889
0.909
0.928
0.972
0.988
1.016
1.028
1.020
1.028
1.012
1.016
1.020
1.024
1.040
1.044
1.040
1.028
1.028
1.012
1.016
1.016
1.024
1.012
1.012
1.020
1.008
0.988
0.976
0.996
1.028
1.040
1.044
1.040
1.036
1.016
0.980
0.948
0.908
0.892
0.892
0.900
0.896
0.904
0.904
0.908
0.924
0.936
0.932
0.928
0.928
0.944
0.964
0.976
0.984
1.000
1.008
1.020
1.012
1.008
0.988
0.988
0.992
0.996
1.000
1.016
1.012
1.020
0.996
0.960
0.964
0.952
0.956
0.980
1.000
1.008
1.008
1.028
1.020
1.004
1.000
1.000
0.984
0.972
0.988
0.984
0.960
0.976
1.000
0.996
1.012
1.008
1.012
1.000
1.008
1.008
1.004
0.992
0.988
0.996
0.984
0.968
0.980
0.980
0.944
0.940
0.956
0.956
0.948
0.968
0.984
0.972
0.996
1.023
1.015
0.991
1.007
1.007
0.983
0.995
0.995
0.983
0.995
1.015
1.007
1.003
1.019
1.043
1.035
1.031
1.035
1.019
1.011
1.011
1.023
1.055
1.063
1.035
1.043
1.031
0.995
0.983
0.991
1.007
1.019
1.007
1.019
1.047
1.003
0.991
0.991
0.983
0.967
0.951
0.971
0.983
0.979
0.971
0.999
1.003
0.995
0.979
1.019
1.023
0.995
0.991
1.003
1.015
1.003
1.007
1.007
0.999
0.983
1.007
1.027
1.023
1.019
1.031
1.035
1.027
0.991
0.995
1.007
1.003
0.995
0.987
1.011
1.019
1.015
1.035
1.055
1.055
1.031
1.051
1.051
1.019
1.015
1.015
1.011
0.983
0.995
0.991
0.987
0.971
0.991
0.987
0.971
0.979
1.007
1.011
0.999
1.010
1.018
1.010
0.994
1.002
0.998
0.986
0.970
0.978
0.978
0.974
0.966
0.990
0.994
0.990
0.974
0.990
1.002
0.990
0.986
0.986
0.982
0.974
0.966
0.986
0.990
0.962
0.966
0.978
0.978
0.958
0.982
0.986
0.986
0.982
0.998
0.986
0.982
0.998
1.002
0.974
0.982
0.990
0.978
0.958
0.962
0.966
0.958
0.954
0.978
0.982
0.978
0.970
0.982
0.990
0.966
0.982
0.994
1.002
0.990
1.006
1.014
1.006
0.998
1.010
0.974
0.962
0.926
0.914
0.914
0.910
0.878
0.886
0.894
0.890
0.902
0.922
0.930
0.942
0.966
0.986
0.994
0.998
1.022
0.994
0.958
0.938
0.946
0.942
0.950
0.977
1.001
1.001
1.013
1.033
1.037
1.017
1.009
1.025
1.033
1.001
1.005
1.021
1.013
0.989
1.009
1.005
1.005
0.997
1.009
1.009
0.997
0.985
1.005
1.005
0.985
1.005
1.021
1.013
1.001
1.021
1.037
1.017
1.017
1.017
1.001
0.993
0.993
0.989
0.977
0.989
1.009
0.997
0.989
1.001
1.009
1.001
1.005
1.001
0.977
0.973
0.997
0.949
0.885
0.869
0.877
0.845
0.857
0.869
0.857
0.861
0.861
0.881
0.869
0.873
0.865
0.877
0.885
0.901
0.905
0.913
0.917
0.901
0.865
0.857
0.857
0.845
0.845
0.837
0.837
0.853
0.853
0.825
0.845
0.840
0.852
0.880
0.908
0.940
0.960
0.932
0.932
0.924
0.912
0.916
0.932
0.936
0.924
0.928
0.924
0.916
0.932
0.932
0.932
0.936
0.892
0.864
0.860
0.880
0.864
0.844
0.868
0.896
0.920
0.944
0.956
0.972
0.972
0.984
0.996
0.996
1.000
1.008
1.020
1.016
1.024
1.012
1.000
1.016
1.016
1.004
0.996
0.992
0.976
0.972
0.952
0.944
0.948
0.940
0.928
0.928
0.948
0.964
0.976
0.984
1.000
1.012
1.016
1.008
1.016
1.016
1.012
1.008
1.000
1.000
0.996
0.980
0.964
0.984
0.980
0.976
0.976
0.991
0.991
0.983
0.983
0.983
0.971
0.967
0.967
0.967
0.951
0.959
0.975
0.959
0.959
0.967
0.971
0.963
0.967
0.971
0.979
0.967
0.967
0.959
0.951
0.943
0.951
0.947
0.947
0.935
0.959
0.955
0.951
0.943
0.955
0.979
0.939
0.947
0.959
0.915
0.919
0.899
0.895
0.883
0.871
0.875
0.883
0.875
0.855
0.875
0.871
0.859
0.867
0.871
0.887
0.907
0.923
0.959
0.971
0.963
0.935
0.943
0.955
0.935
0.923
0.931
0.943
0.955
0.975
0.995
0.999
1.015
1.039
1.035
1.051
1.042
1.034
1.038
1.006
1.010
1.010
1.014
1.010
1.002
0.982
0.990
0.990
0.994
0.970
0.966
0.978
0.978
0.970
0.974
0.994
0.986
0.966
0.946
0.950
0.954
0.942
0.938
0.950
0.966
0.954
0.970
0.986
0.982
0.966
0.982
0.986
0.978
0.970
0.982
0.986
0.970
0.966
0.982
0.978
0.970
0.994
1.010
1.002
0.990
1.002
0.994
0.986
0.970
0.986
0.970
0.974
0.970
0.934
0.934
0.958
0.958
0.958
0.978
0.990
0.974
0.978
0.998
0.994
0.978
0.998
0.989
0.981
0.981
0.989
0.973
0.993
0.993
0.997
0.989
0.965
0.949
0.925
0.933
0.925
0.917
0.937
0.949
0.949
0.969
1.001
1.021
1.017
1.021
1.017
1.009
1.021
1.013
1.013
0.993
0.993
0.993
0.985
0.993
1.001
0.985
0.989
1.001
0.993
0.977
0.989
0.997
0.993
0.981
1.001
1.013
0.989
0.973
0.997
0.993
0.981
0.969
0.973
0.981
0.973
0.997
1.021
1.017
1.005
1.009
1.005
0.973
0.965
0.969
0.965
0.949
0.973
0.993
0.972
0.984
0.980
0.984
0.956
0.956
0.976
0.968
0.960
0.980
0.988
0.984
0.972
0.984
0.996
0.988
0.984
0.992
0.996
0.976
0.972
0.984
0.984
0.972
0.972
0.988
0.996
0.980
0.960
0.972
0.972
0.956
0.952
0.976
0.968
0.960
0.976
0.988
0.956
0.960
0.960
0.948
0.944
0.924
0.880
0.864
0.876
0.888
0.896
0.904
0.884
0.888
0.880
0.888
0.884
0.840
0.840
0.860
0.888
0.928
0.948
0.968
0.992
0.988
0.987
0.999
1.007
1.007
0.979
0.979
0.983
0.955
0.947
0.959
0.951
0.923
0.903
0.903
0.883
0.895
0.919
0.935
0.927
0.971
1.003
1.031
1.047
1.059
1.055
1.047
1.047
1.063
1.043
1.039
1.051
1.039
1.035
1.019
1.011
1.015
1.023
1.023
0.991
0.983
0.991
0.991
0.975
0.999
1.015
1.011
1.035
1.047
1.031
1.019
1.019
0.979
0.935
0.875
0.887
0.859
0.847
0.855
0.863
0.867
0.903
0.959
0.978
1.002
1.042
1.034
1.042
1.038
1.034
1.018
1.010
1.010
1.002
1.002
1.022
1.026
1.042
1.038
1.046
1.042
1.014
1.014
1.010
0.982
0.974
0.998
1.006
0.974
0.994
1.014
0.986
1.002
1.010
0.990
0.994
1.002
0.998
0.994
1.010
1.006
0.998
1.002
1.002
1.006
0.986
0.982
0.994
1.006
0.998
0.994
1.002
1.006
0.982
0.990
0.990
0.990
0.970
0.986
0.986
0.974
0.954
0.977
0.993
0.989
0.965
0.973
0.969
0.941
0.937
0.961
0.965
0.961
0.981
0.985
0.985
0.941
0.961
0.977
0.977
0.993
1.029
1.033
1.021
1.017
1.021
0.993
1.001
1.001
0.989
0.985
0.981
1.009
0.985
0.957
0.953
0.949
0.945
0.985
1.005
1.005
1.021
1.041
1.033
1.017
1.029
1.017
0.989
1.009
1.017
1.021
0.993
0.957
0.937
0.909
0.917
0.925
0.925
0.925
0.949
0.948
0.940
0.952
0.948
0.940
0.932
0.904
0.868
0.852
0.840
0.860
0.880
0.888
0.920
0.948
0.948
0.960
0.952
0.964
0.964
0.964
0.952
0.956
0.972
0.988
0.992
1.028
1.040
1.052
1.056
1.040
1.036
1.040
1.044
1.024
1.028
1.000
0.976
0.944
0.944
0.944
0.960
0.980
0.968
0.976
0.984
0.984
0.972
1.000
1.016
1.016
1.036
1.028
1.008
1.000
1.003
1.011
0.999
1.003
1.007
1.011
0.987
0.991
0.999
0.987
0.975
0.991
0.995
0.995
0.983
0.991
0.995
0.983
0.983
0.999
0.987
0.983
1.007
1.003
0.971
0.955
0.963
0.959
0.959
0.991
1.003
0.987
0.995
1.003
0.999
0.983
0.987
0.991
0.991
0.983
1.003
1.003
0.991
0.983
0.987
0.983
0.971
0.983
0.991
0.979
0.971
0.995
1.007
0.995
0.982
0.990
0.990
0.966
0.970
0.974
0.970
0.962
0.978
0.990
0.966
0.974
0.994
0.998
0.986
0.982
0.998
0.994
0.978
0.994
0.982
0.966
0.962
0.978
0.982
0.970
0.978
0.982
0.950
0.914
0.878
0.910
0.882
0.842
0.866
0.850
0.858
0.862
0.882
0.910
0.942
0.946
0.978
0.986
0.970
0.978
0.978
0.966
0.970
0.982
0.970
0.962
0.986
1.009
1.009
1.017
1.041
1.049
1.033
1.013
1.021
1.025
1.021
1.009
1.017
1.017
1.025
0.997
1.001
1.005
0.997
0.969
0.989
0.969
0.941
0.969
1.017
1.005
0.993
0.973
0.949
0.941
0.953
0.941
0.905
0.925
0.949
0.949
0.949
0.973
0.989
1.017
1.045
1.053
1.033
1.037
1.037
1.041
1.033
1.045
1.041
1.029
1.009
1.033
1.032
1.040
1.028
1.052
1.052
0.996
1.004
1.024
0.996
1.012
1.028
0.992
0.992
1.000
0.980
0.984
1.004
0.996
0.992
1.012
1.032
1.016
1.028
1.036
1.028
1.024
1.032
1.028
1.012
1.028
1.024
1.008
1.000
1.012
1.020
1.008
1.032
1.044
1.040
1.020
1.020
1.016
1.004
0.988
1.004
1.004
0.996
0.988
0.996
1.000
0.983
0.979
1.011
1.007
0.983
0.999
0.987
0.971
0.951
0.963
0.967
0.971
0.951
0.971
0.971
0.959
0.955
0.971
0.971
0.963
0.971
0.975
0.975
0.955
0.955
0.975
0.991
0.955
0.947
0.963
0.971
0.967
1.007
1.011
0.995
0.991
1.015
1.003
1.007
1.035
1.035
1.011
1.019
1.023
0.999
1.007
1.015
0.987
0.982
1.002
1.010
0.998
1.010
1.026
1.002
1.006
1.006
1.006
0.994
1.006
1.006
1.002
0.986
1.002
1.002
0.990
0.986
1.014
1.002
0.986
1.002
1.006
0.994
0.974
0.998
0.998
0.994
0.990
1.006
1.006
0.986
0.982
1.002
1.010
0.994
0.986
0.994
1.002
0.986
0.966
0.986
0.998
0.982
0.962
0.994
0.994
0.973
0.985
0.993
0.969
0.953
0.977
0.949
0.933
0.949
0.961
0.953
0.957
0.985
0.989
0.985
1.001
1.029
1.013
1.001
1.017
1.021
1.025
1.009
1.021
1.033
1.013
1.001
1.013
1.017
0.993
1.021
1.033
1.013
1.009
1.025
1.013
0.993
1.025
1.017
0.997
0.989
0.997
0.989
0.965
0.977
0.985
0.988
0.988
1.008
1.036
1.012
1.012
1.020
1.020
0.996
1.004
1.008
0.992
0.980
0.992
0.988
0.988
0.984
1.000
1.012
1.000
0.988
1.004
1.000
0.988
1.004
1.032
1.024
1.004
1.008
0.988
0.992
0.976
0.972
0.996
0.996
0.980
0.964
0.988
1.000
1.008
0.988
1.008
0.992
0.996
0.964
0.960
0.943
0.911
0.891
0.847
0.823
0.839
0.835
0.879
0.911
0.923
0.907
0.943
0.963
0.927
0.871
0.859
0.887
0.883
0.907
0.939
0.963
1.007
1.019
1.031
1.023
1.023
1.023
1.015
1.015
1.003
0.991
1.003
1.007
1.019
1.019
1.015
1.011
0.995
0.999
1.011
1.015
1.003
0.991
1.003
0.994
0.990
0.974
0.974
0.990
1.006
0.998
1.002
1.022
1.022
0.990
0.966
0.994
1.010
1.002
1.006
1.022
1.018
0.990
0.990
0.982
0.962
0.970
0.970
0.970
0.978
0.978
0.970
0.954
0.966
0.962
0.966
0.958
0.978
0.982
0.978
0.966
0.982
0.998
0.970
0.970
0.982
0.982
0.978
1.005
1.017
1.021
1.005
0.989
0.961
0.945
0.933
0.945
0.945
0.929
0.969
1.001
1.005
1.013
1.025
1.013
1.001
1.017
1.017
1.001
0.989
1.005
0.993
0.997
1.013
1.021
1.017
1.013
1.009
1.013
1.013
0.993
0.993
0.997
0.985
0.977
0.981
0.989
0.977
0.965
0.981
0.997
0.972
0.956
0.988
0.988
0.964
0.944
0.988
1.004
0.988
0.980
0.980
0.940
0.944
0.968
0.964
0.972
0.992
0.988
0.980
0.996
1.004
1.000
0.996
1.008
1.004
0.988
0.996
0.992
0.980
0.980
0.984
0.984
0.980
0.972
0.984
1.000
1.004
1.000
1.000
0.976
0.992
1.020
1.011
1.011
1.031
1.031
1.011
0.983
0.983
0.987
0.983
0.967
0.991
1.015
1.011
0.995
1.019
1.031
1.023
0.995
1.007
1.015
1.003
0.987
1.003
1.011
1.007
0.999
1.019
1.031
1.043
1.035
1.019
1.019
1.027
1.015
0.999
1.007
1.019
1.015
0.983
0.967
0.995
1.010
0.982
0.970
0.918
0.926
0.938
0.910
0.894
0.910
0.906
0.926
0.950
0.958
0.926
0.902
0.914
0.914
0.930
0.926
0.946
0.986
0.986
0.986
1.026
1.042
1.010
1.010
1.010
1.018
1.034
1.022
1.030
1.046
1.054
1.034
1.046
1.046
1.038
1.022
1.030
1.034
1.041
1.037
1.021
1.029
1.029
1.006
1.002
1.014
1.026
1.026
1.018
1.038
1.046
1.022
1.018
1.042
1.042
1.014
1.014
1.022
1.030
1.018
0.998
1.018
1.010
0.998
1.007
1.011
0.987
0.975
0.991
0.987
0.971
0.999
0.999
0.991
0.979
0.995
1.003
0.983
0.995
1.023
1.055
1.043
1.055
1.059
1.047
1.024
1.020
1.028
1.012
1.004
1.028
1.020
1.012
1.000
1.012
0.984
0.972
0.984
0.988
0.968
0.988
0.996
0.976
0.964
0.980
0.973
0.965
0.981
0.985
0.985
0.977
1.005
1.009
1.001
1.001
1.005
0.989
0.969
0.985
1.005
1.001
0.993
0.993
0.953
0.961
0.953
0.974
0.990
0.990
1.002
1.026
1.018
1.010
1.026
1.026
1.022
1.034
1.034
1.014
0.966
0.970
0.962
0.918
0.942
0.954
0.962
0.954
0.935
0.959
0.963
0.955
0.967
0.979
0.955
0.959
0.963
0.963
0.951
0.959
0.975
0.979
0.979
0.987
1.003
1.007
0.991
0.999
1.003
1.000
0.996
1.012
1.008
0.992
0.984
0.992
0.984
0.960
0.948
0.976
0.984
0.988
0.976
0.988
0.992
0.984
0.964
0.984
0.988
0.980
0.964
0.981
0.993
0.981
0.969
0.989
1.001
0.989
0.985
0.993
1.005
0.993
1.013
1.025
1.013
0.993
1.001
0.997
0.973
0.981
0.981
0.957
0.978
0.994
0.982
0.990
1.014
1.014
1.014
1.030
1.046
1.034
1.034
1.038
1.038
1.026
1.018
1.026
1.026
1.018
1.026
1.010
1.006
1.039
1.063
1.059
1.027
1.039
1.047
1.031
1.007
1.027
1.023
1.027
0.995
1.007
1.035
1.023
1.015
1.039
1.051
1.015
1.019
0.995
0.943
0.928
0.920
0.908
0.912
0.916
0.908
0.932
0.940
0.944
0.960
0.984
0.964
0.972
0.980
0.960
0.972
0.976
0.960
0.964
0.980
0.992
0.993
1.001
1.005
0.993
0.965
0.941
0.941
0.953
0.953
0.925
0.913
0.905
0.893
0.893
0.893
0.917
0.929
0.953
0.953
0.969
0.981
0.981
0.986
1.006
1.006
1.014
1.006
1.022
1.022
1.010
1.010
1.026
1.022
1.026
1.038
1.050
1.038
1.034
1.042
1.030
1.018
1.022
0.994
0.978
0.999
1.003
0.991
1.003
1.015
1.019
1.023
1.031
1.051
1.031
1.023
1.023
1.043
1.047
1.031
0.983
0.943
0.907
0.907
0.919
0.919
0.923
0.960
0.960
0.956
0.980
1.004
0.996
1.008
1.012
1.024
1.012
1.032
1.052
1.004
0.960
0.928
0.916
0.892
0.900
0.892
0.904
0.940
0.960
0.961
0.989
0.997
0.985
0.997
1.013
1.009
1.025
1.041
1.049
1.025
1.053
1.065
1.053
1.037
0.989
0.917
0.901
0.905
0.905
0.901
0.909
0.926
0.930
0.930
0.950
0.966
0.978
0.962
0.974
0.990
0.986
0.962
0.974
0.994
1.006
1.002
0.998
1.006
1.014
0.994
1.010
1.014
1.026
1.015
1.023
1.031
1.023
1.011
1.015
1.007
1.011
0.983
0.999
1.007
0.999
0.939
0.899
0.891
0.867
0.883
0.875
0.843
0.827
0.819
0.799
0.800
0.828
0.852
0.860
0.892
0.920
0.944
0.936
0.936
0.976
0.988
1.008
0.996
1.008
1.044
1.048
1.032
1.044
1.040
1.032
0.984
0.884
0.872
0.849
0.853
0.849
0.857
0.877
0.893
0.917
0.929
0.945
0.953
0.953
0.973
1.009
1.021
1.025
1.029
1.013
1.021
1.013
1.013
1.009
1.009
1.014
1.006
0.994
0.978
0.974
0.994
0.990
0.974
0.966
0.982
0.986
0.970
0.974
0.982
0.982
0.974
0.934
0.926
0.898
0.862
0.826
0.830
0.838
0.879
0.915
0.931
0.951
0.963
0.975
0.951
0.955
0.963
0.955
0.951
0.963
0.963
0.971
0.959
0.967
0.971
0.979
0.959
0.971
0.975
0.975
0.995
0.984
0.988
0.992
0.980
0.964
0.976
0.956
0.940
0.936
0.956
0.956
0.932
0.960
0.948
0.924
0.948
0.964
0.960
0.972
0.972
0.980
0.988
1.000
1.021
1.021
1.025
1.057
1.061
1.049
1.049
1.049
1.033
1.013
1.017
1.017
1.005
1.021
1.041
1.045
1.025
1.021
1.037
1.021
1.009
1.017
1.029
0.994
1.002
0.994
0.978
0.978
0.990
0.986
0.970
0.982
0.982
0.966
0.950
0.962
0.958
0.950
0.982
0.994
0.990
1.010
1.010
1.006
0.990
0.994
1.007
0.991
0.991
0.995
0.995
0.987
0.991
1.003
1.007
1.011
1.027
1.031
1.027
1.015
0.999
1.007
0.999
0.967
0.939
0.947
0.931
0.879
0.911
0.932
0.952
0.944
0.944
0.948
0.956
0.964
0.988
0.996
1.004
0.996
1.000
1.024
1.024
1.016
1.020
1.020
1.036
1.028
1.032
1.036
1.016
1.008
1.012
1.013
1.021
1.017
1.005
1.025
1.029
1.025
1.009
1.021
1.025
1.025
1.009
1.009
1.029
1.037
1.025
1.021
1.037
1.037
1.005
1.009
1.013
1.017
1.006
1.014
1.018
1.018
1.006
0.994
0.994
0.990
0.982
0.998
1.010
1.006
0.994
1.018
1.018
1.010
0.990
0.994
0.998
0.974
0.946
0.958
0.946
0.938
0.939
0.947
0.923
0.923
0.951
0.959
0.951
0.971
0.979
0.971
0.983
0.987
0.979
0.963
0.975
0.975
0.971
0.967
0.991
0.995
0.971
0.983
0.995
0.991
0.992
0.992
1.004
1.000
0.996
1.000
0.984
0.976
0.992
1.012
1.016
1.024
1.024
0.996
0.972
0.968
0.948
0.928
0.940
0.952
0.936
0.936
0.912
0.852
0.865
0.865
0.857
0.853
0.881
0.897
0.913
0.929
0.949
0.973
0.973
0.977
0.989
0.993
0.989
1.005
1.017
1.021
1.013
1.029
1.029
1.017
1.013
1.033
1.014
1.002
1.026
1.030
1.010
1.018
1.010
0.998
0.978
0.994
0.954
0.914
0.918
0.918
0.930
0.914
0.914
0.926
0.926
0.922
0.938
0.962
0.958
0.954
0.971
0.987
0.991
0.979
0.999
1.011
0.999
0.995
1.003
0.987
0.995
0.987
0.995
0.991
0.987
0.959
0.963
0.963
0.955
0.967
0.975
0.967
0.971
0.979
0.936
0.912
0.872
0.860
0.896
0.920
0.964
0.988
1.000
1.000
1.004
1.004
1.008
1.004
1.016
1.028
1.032
1.044
1.044
1.040
1.040
1.020
1.008
1.004
0.992
0.969
0.957
0.961
0.973
0.977
0.965
0.961
0.973
0.977
0.965
0.957
0.965
0.977
0.953
0.985
0.985
0.985
0.969
0.981
0.981
0.985
0.973
0.981
0.977
0.974
0.958
0.966
0.974
0.958
0.954
0.962
0.950
0.938
0.954
0.946
0.946
0.938
0.950
0.962
0.966
0.954
0.942
0.962
0.958
0.946
0.934
0.954
0.966
0.950
0.947
0.971
0.979
0.951
0.947
0.959
0.963
0.947
0.955
0.935
0.915
0.927
0.939
0.947
0.955
0.983
0.975
0.975
0.991
0.991
0.967
0.991
0.983
0.975
1.003
1.004
1.000
0.988
0.992
0.984
0.972
0.976
0.968
0.936
0.948
0.968
0.980
0.968
0.976
0.988
0.980
0.960
0.960
0.960
0.928
0.924
0.944
0.944
0.948
0.960
0.949
0.925
0.917
0.921
0.921
0.929
0.957
0.953
0.945
0.957
0.969
0.961
0.961
0.993
0.993
0.981
0.981
0.985
0.977
0.969
0.973
0.973
0.965
0.977
0.973
0.970
0.982
0.990
0.978
0.962
0.970
0.978
0.962
0.958
0.982
0.978
0.970
0.950
0.974
0.962
0.954
0.970
0.978
0.970
0.986
1.018
1.006
1.002
1.022
1.030
1.014
1.019
0.979
0.967
0.955
0.951
0.947
0.971
0.979
0.971
0.987
1.003
0.979
0.983
0.967
0.943
0.943
0.931
0.919
0.923
0.931
0.923
0.871
0.879
0.895
0.899
0.904
0.900
0.908
0.932
0.940
0.964
0.980
0.984
1.000
1.004
1.012
1.020
1.000
1.008
1.008
1.004
1.000
0.984
0.988
0.988
0.988
0.984
0.976
0.976
0.968
0.952
0.977
0.989
0.993
0.989
0.989
1.001
0.989
0.969
0.965
0.961
0.957
0.929
0.929
0.941
0.941
0.941
0.941
0.953
0.953
0.937
0.961
0.957
0.941
0.941
0.957
0.965
0.962
0.962
0.974
0.982
0.958
0.966
0.982
0.970
0.966
0.966
0.974
0.966
0.958
0.974
0.974
0.974
0.954
0.978
0.986
0.962
0.950
0.970
0.962
0.946
0.946
0.970
0.979
0.967
0.963
0.979
0.987
0.979
0.983
0.995
0.991
0.971
0.987
0.995
0.983
0.983
0.991
0.971
0.971
0.999
1.003
0.999
1.007
1.039
1.035
1.027
1.035
1.035
1.031
1.016
1.032
1.028
1.012
1.012
1.020
1.020
0.980
0.952
0.960
0.944
0.948
0.960
0.968
0.980
0.996
0.968
0.940
0.928
0.916
0.904
0.908
0.908
0.916
0.904
0.920
0.941
0.949
0.957
0.985
1.009
1.009
1.009
0.945
0.897
0.917
0.925
0.933
0.961
0.985
0.985
0.969
0.977
1.001
1.025
1.029
1.049
1.053
0.997
0.945
0.953
0.945
0.925
0.914
0.910
0.910
0.862
0.890
0.874
0.890
0.882
0.878
0.866
0.886
0.894
0.918
0.946
0.994
1.022
1.038
1.030
1.038
1.054
0.994
0.958
0.962
0.954
0.950
0.946
0.930
0.911
0.927
0.943
0.943
0.971
1.003
1.027
1.059
1.067
1.087
1.083
1.075
1.051
1.031
1.035
1.051
1.051
1.031
1.023
1.015
1.011
0.987
0.971
0.987
0.999
1.019
0.999
0.984
1.016
1.024
1.024
1.032
1.024
1.004
1.012
1.012
1.000
0.980
0.988
0.980
0.976
0.972
0.980
0.992
0.984
0.984
1.008
1.012
1.008
1.016
1.024
1.012
0.996
1.024
1.021
1.017
1.009
1.025
1.033
1.001
0.993
1.001
1.013
1.009
1.025
1.041
1.017
1.017
1.045
1.029
1.001
0.997
0.989
0.973
0.977
0.993
0.981
0.969
0.985
0.993
0.977
0.962
0.982
0.978
0.970
0.986
0.998
0.982
0.974
0.986
0.994
0.986
0.982
1.014
1.010
1.002
1.014
1.022
1.006
0.994
1.006
0.998
0.982
0.982
1.002
1.002
1.002
1.018
1.010
0.999
0.987
0.987
0.995
0.991
0.983
0.999
0.987
0.967
0.971
0.963
0.943
0.939
0.963
0.971
0.955
0.939
0.959
0.959
0.947
0.963
0.971
0.959
0.979
0.983
0.995
0.983
0.995
0.992
0.972
0.980
0.988
0.976
0.964
0.980
0.968
0.964
0.964
0.972
0.972
0.964
0.976
0.984
0.960
0.976
0.976
0.948
0.960
0.968
0.964
0.956
0.960
0.972
0.972
0.968
0.968
0.973
0.969
0.957
0.977
0.973
0.965
0.965
0.985
0.973
0.957
0.945
0.957
0.953
0.949
0.937
0.945
0.949
0.949
0.941
0.957
0.957
0.933
0.953
0.965
0.957
0.937
0.953
0.953
0.942
0.926
0.946
0.946
0.950
0.962
0.962
0.954
0.938
0.954
0.950
0.938
0.954
0.966
0.954
0.954
0.974
0.982
0.978
0.974
0.986
0.966
0.946
0.946
0.950
0.942
0.938
0.946
0.954
0.975
0.943
0.923
0.927
0.943
0.947
0.951
0.975
0.975
0.975
0.987
0.999
0.999
0.991
0.983
0.979
0.967
0.963
0.979
0.979
0.975
0.979
0.995
0.987
0.983
0.975
0.991
0.991
0.983
0.976
0.980
1.000
0.984
0.976
0.976
0.984
1.000
0.972
0.996
1.008
1.008
0.992
1.008
1.004
1.008
1.004
1.012
1.024
1.004
1.000
1.012
1.020
1.008
1.020
1.032
1.028
1.016
1.028
1.009
1.001
1.013
1.025
1.009
1.025
1.033
1.025
1.001
1.017
1.017
0.997
1.001
1.013
1.021
1.001
1.025
1.029
1.025
1.013
1.017
1.017
1.001
0.989
1.005
0.993
0.985
0.981
0.993
0.998
0.974
0.978
0.978
0.974
0.962
0.990
1.014
1.006
0.994
1.022
1.018
0.986
0.986
0.998
0.978
0.958
0.986
1.002
1.002
0.994
1.010
1.002
0.986
0.982
0.978
0.966
0.974
0.986
0.982
0.975
0.995
0.995
0.979
0.959
0.971
0.987
0.987
0.971
0.971
0.979
0.987
0.975
0.971
0.991
0.999
0.975
0.983
0.987
0.987
0.955
0.959
0.963
0.943
0.919
0.935
0.911
0.867
0.851
0.868
0.864
0.884
0.888
0.896
0.916
0.940
0.932
0.936
0.952
0.976
0.980
0.992
1.000
1.004
1.008
1.000
1.004
0.992
1.004
1.012
1.008
0.996
1.016
1.012
1.012
0.996
0.988
0.992
1.004
0.981
0.965
0.941
0.921
0.893
0.881
0.849
0.829
0.837
0.869
0.905
0.905
0.921
0.933
0.933
0.957
0.961
0.989
0.981
0.997
1.017
1.005
1.001
1.001
0.989
0.989
0.961
0.965
0.973
0.969
0.937
0.966
0.982
0.998
1.010
1.026
1.026
1.002
1.006
1.006
0.998
1.014
1.034
1.050
1.062
1.058
1.074
1.078
1.074
1.074
1.062
1.054
1.054
1.046
1.038
1.022
1.026
1.030
1.018
1.010
1.014
1.023
1.019
0.999
1.015
1.019
1.023
1.007
1.019
1.023
1.019
1.023
1.027
1.019
1.003
0.995
0.991
0.999
0.999
0.999
1.023
1.027
1.015
1.011
1.019
1.011
0.999
0.999
0.999
1.003
0.979
0.999
1.016
1.008
1.000
0.992
1.000
0.992
0.980
0.984
1.000
0.992
0.980
0.988
0.992
0.992
0.980
0.992
1.008
0.996
0.996
0.996
0.980
0.972
0.976
0.984
1.008
0.996
1.016
1.028
1.004
1.004
1.012
1.000
0.993
1.005
1.005
1.013
1.005
1.009
1.013
0.997
1.005
1.029
1.009
1.005
0.997
1.009
0.997
0.985
0.997
0.993
0.993
0.981
0.973
0.993
0.989
0.989
1.005
1.001
0.989
0.969
0.957
0.945
0.945
0.918
0.874
0.882
0.874
0.882
0.898
0.898
0.922
0.946
0.958
0.950
0.942
0.914
0.930
0.942
0.962
0.986
0.994
0.986
0.982
0.990
0.998
1.014
1.026
1.026
1.014
0.990
0.966
0.958
0.946
0.974
1.002
1.011
1.007
1.007
0.991
0.975
0.971
0.943
0.963
0.939
0.923
0.907
0.883
0.855
0.863
0.887
0.875
0.887
0.891
0.903
0.923
0.903
0.875
0.887
0.887
0.899
0.915
0.883
0.899
0.923
0.927
0.923
0.907
0.936
0.940
0.932
0.904
0.884
0.852
0.852
0.892
0.936
0.976