0.816
0.844
0.848
0.860
0.884
0.896
0.900
0.908
0.900
0.880
0.880
0.880
0.900
0.924
0.964
1.004
1.024
1.044
1.080
1.056
1.024
1.028
0.996
0.988
1.000
1.032
1.008
1.004
0.992
0.960
0.976
0.976
0.972
0.944
0.964
0.964
0.964
0.992
0.984
0.972
0.976
0.996
0.992
0.996
1.000
0.996
1.000
0.992
0.996
1.000
1.016
1.008
1.008
1.000
0.992
0.984
1.012
1.012
0.992
0.972
0.952
0.932
0.959
0.959
0.967
0.999
1.015
0.971
0.959
0.987
0.987
1.007
1.007
1.023
1.023
1.027
1.031
1.015
1.003
0.999
0.979
0.987
0.967
0.947
0.939
0.955
0.983
0.947
0.927
0.915
0.923
0.935
0.955
0.971
0.971
0.995
0.995
0.991
0.959
0.943
0.931
0.951
0.971
0.991
0.987
0.987
1.003
1.027
1.011
1.019
0.967
0.939
0.963
0.975
0.971
0.983
0.979
0.991
1.031
1.063
1.063
1.039
1.039
1.007
1.023
1.003
1.011
1.019
1.019
1.023
1.019
0.999
1.011
1.015
1.031
1.035
1.027
1.027
1.031
1.019
1.039
1.031
1.015
0.999
1.007
1.003
1.011
0.991
0.999
1.023
1.027
1.007
1.019
1.019
1.010
1.022
1.026
1.014
1.046
1.030
1.010
1.042
1.038
0.994
0.994
1.018
0.990
0.986
1.018
0.998
1.010
1.030
1.006
0.994
0.958
0.986
1.018
0.978
0.982
0.950
0.934
0.918
0.898
0.886
0.882
0.878
0.890
0.858
0.866
0.890
0.910
0.906
0.950
0.970
0.970
0.982
0.998
0.994
1.018
1.022
1.018
1.038
1.038
0.994
1.026
1.018
1.026
1.030
0.998
1.022
1.006
1.006
1.026
1.038
1.042
1.062
1.038
1.042
1.050
1.038
1.030
1.034
1.018
1.006
1.014
1.006
1.022
1.034
1.018
1.026
1.026
1.018
1.026
1.030
1.026
1.026
1.018
1.002
1.022
1.018
1.026
1.026
1.014
1.006
1.014
0.998
0.994
1.005
1.009
0.985
1.005
0.989
0.981
1.013
0.993
1.001
1.013
1.025
1.033
1.021
1.013
1.021
1.009
1.009
1.013
1.013
0.997
0.989
0.965
0.937
0.993
0.969
0.949
0.909
0.953
0.965
0.969
0.977
1.013
0.997
0.989
1.005
1.001
0.989
1.009
0.993
0.997
1.001
0.981
0.985
0.981
0.973
0.993
1.017
1.001
0.993
1.013
0.997
0.997
1.005
0.989
1.013
1.021
1.005
1.009
1.021
0.997
0.989
1.005
0.981
0.965
0.965
0.993
0.949
0.937
0.961
0.977
0.985
1.005
0.981
0.993
1.005
0.989
0.981
0.989
0.997
1.005
1.001
0.997
1.001
1.021
1.025
1.009
1.033
1.001
1.013
1.021
1.001
0.969
0.953
0.956
0.968
0.976
0.964
0.940
0.944
0.952
0.956
0.960
0.940
0.928
0.972
0.996
0.992
0.972
0.972
0.976
0.976
0.964
0.964
0.952
0.952
0.972
0.972
0.976
0.980
0.980
0.992
0.984
0.980
0.992
0.968
0.976
0.988
0.968
0.972
0.996
0.992
0.980
0.964
0.980
0.988
1.008
1.008
0.992
0.996
1.000
0.992
0.988
0.988
0.976
0.972
0.984
0.968
0.968
0.972
0.964
0.956
0.956
0.952
0.968
0.964
0.956
0.964
0.980
0.964
0.972
0.968
0.972
0.976
0.984
0.968
0.984
0.980
0.968
0.976
0.968
0.964
0.968
0.976
0.956
0.964
0.968
0.960
0.944
0.944
0.936
0.932
0.948
0.948
0.940
0.956
0.939
0.947
0.975
0.971
0.955
0.947
0.959
0.955
0.947
0.955
0.947
0.939
0.959
0.983
0.983
0.983
0.999
0.991
0.987
0.995
0.999
0.991
0.987
0.987
0.979
0.955
0.963
0.975
0.963
0.955
0.963
0.947
0.947
0.943
0.955
0.939
0.935
0.939
0.935
0.943
0.947
0.951
0.967
0.951
0.947
0.939
0.947
0.931
0.943
0.947
0.951
0.955
0.959
0.951
0.947
0.947
0.943
0.943
0.951
0.947
0.947
0.951
0.943
0.947
0.943
0.951
0.951
0.951
0.963
0.967
0.955
0.959
0.959
0.963
0.951
0.963
0.947
0.939
0.955
0.947
0.939
0.959
0.955
0.959
0.967
0.987
0.967
0.955
0.971
0.955
0.955
0.963
0.967
0.958
0.954
0.970
0.974
0.970
0.970
0.970
0.954
0.954
0.946
0.962
0.974
0.966
0.962
0.974
0.958
0.966
0.974
0.962
0.974
0.966
0.954
0.950
0.958
0.954
0.942
0.970
0.970
0.962
0.950
0.962
0.966
0.954
0.974
0.958
0.946
0.958
0.970
0.946
0.938
0.942
0.938
0.918
0.926
0.942
0.958
0.970
1.002
0.978
0.966
0.994
0.986
0.990
1.006
1.022
0.978
0.966
0.966
0.946
0.938
0.950
0.958
0.962
1.006
0.962
0.962
0.970
0.962
0.938
0.958
0.954
0.958
0.966
0.970
0.962
0.970
0.982
0.958
0.962
0.970
0.966
0.954
0.966
0.966
0.958
0.954
0.942
0.938
0.938
0.930
0.934
0.954
0.965
0.989
1.005
0.985
0.989
0.989
0.977
0.989
0.865
1.093
0.977
0.981
0.985
0.977
0.977
0.977
0.981
0.985
0.981
0.993
1.001
0.977
0.997
1.001
1.001
0.957
0.925
0.925
0.905
0.897
0.893
0.893
0.877
0.889
0.897
0.917
0.957
0.949
0.977
0.961
0.937
0.933
0.953
0.977
0.985
1.017
1.021
1.001
1.013
0.989
1.005
1.021
1.005
1.017
0.953
0.969
1.029
0.989
0.953
0.937
1.017
1.005
0.989
0.997
0.997
0.961
0.961
0.957
0.937
0.933
0.961
0.961
0.957
0.965
0.945
0.953
0.989
0.989
0.977
0.985
0.981
0.969
0.977
0.993
0.989
0.973
0.993
0.989
0.973
0.993
0.973
0.973
1.001
0.968
0.968
0.980
0.964
0.960
0.968
0.972
0.980
0.996
0.996
0.976
0.988
0.988
0.992
0.968
0.976
0.960
0.940
0.924
0.928
0.904
0.904
0.916
0.920
0.924
0.944
0.952
0.952
0.968
0.972
0.964
0.956
0.960
0.948
0.944
0.928
0.924
0.912
0.928
0.944
0.932
0.940
0.944
0.940
0.936
0.940
0.944
0.956
0.984
0.976
0.992
0.992
0.972
0.964
0.956
0.944
0.932
0.944
0.944
0.968
0.964
0.964
0.984
1.004
1.020
1.012
0.992
0.984
0.980
0.964
0.948
0.952
0.972
0.944
0.948
0.968
0.960
0.952
0.972
0.992
0.968
0.968
0.980
0.980
0.980
0.992
0.992
0.992
1.004
1.004
1.000
1.028
1.016
1.015
1.023
1.019
1.011
1.011
1.015
1.003
1.011
0.999
0.991
0.991
1.007
0.987
0.975
0.987
0.975
0.955
0.963
0.967
0.955
0.975
0.971
0.983
0.987
0.991
0.975
0.987
0.983
0.983
0.975
0.995
0.999
0.983
0.999
0.995
0.971
0.955
0.971
0.963
0.971
0.991
0.991
0.959
0.951
0.967
0.947
0.963
0.975
0.975
0.983
0.995
0.991
0.983
0.999
0.987
0.987
0.995
0.987
0.975
0.979
0.991
0.971
0.959
0.971
0.971
0.955
0.943
0.963
0.955
0.963
0.995
0.979
0.979
1.003
1.015
0.999
1.007
0.987
0.995
0.999
0.995
0.979
0.979
0.983
0.967
0.979
0.987
0.967
0.979
0.983
0.967
0.959
0.962
0.966
0.974
1.002
0.978
0.998
0.994
0.986
0.998
0.982
0.990
0.990
0.990
0.998
1.002
1.006
0.982
0.982
0.986
0.966
0.966
0.998
1.002
0.986
1.002
1.018
0.994
0.986
1.002
0.978
0.958
0.986
0.958
0.954
0.970
0.962
0.946
0.958
0.958
0.954
0.990
0.978
0.990
0.994
1.002
0.970
0.974
0.994
0.994
0.986
0.974
0.966
0.978
0.978
0.962
0.978
0.990
0.954
0.966
0.970
0.978
0.994
0.986
0.982
1.002
0.998
0.986
0.974
0.998
0.990
0.978
0.986
0.990
0.974
0.986
1.002
0.982
0.974
0.970
0.966
0.970
0.982
0.974
0.986
1.002
0.986
0.998
0.982
0.978
0.970
0.986
0.970
0.970
0.985
0.981
0.977
0.989
1.001
0.977
0.969
0.977
0.965
0.953
0.977
1.001
0.977
0.965
0.985
0.981
0.969
0.985
0.965
0.961
0.973
0.969
0.953
0.961
0.989
0.989
0.989
1.009
0.997
1.001
0.997
0.989
0.977
0.981
0.997
0.993
0.981
1.009
1.013
0.993
0.997
1.017
0.981
0.969
0.997
0.989
0.969
0.985
0.977
0.961
0.961
0.981
0.997
0.981
0.989
1.009
1.001
1.005
1.009
1.009
0.993
1.005
0.985
0.993
1.005
0.981
0.989
0.985
0.973
0.977
0.973
0.953
0.957
0.989
0.973
0.965
0.973
0.973
0.981
1.005
1.021
1.005
1.017
1.025
0.997
0.993
1.017
0.993
0.977
0.997
0.997
0.989
1.001
1.004
0.996
0.992
1.004
0.992
0.980
1.000
1.004
0.968
0.972
1.000
0.992
0.984
1.012
1.004
0.984
1.004
0.976
0.964
0.980
0.952
0.944
0.948
0.964
0.964
0.960
0.988
0.968
0.984
0.996
0.996
0.996
1.004
0.992
1.000
1.044
1.040
1.012
1.028
1.060
1.024
1.008
1.012
1.020
1.120
0.864
1.004
0.992
1.016
1.024
0.996
1.008
1.008
0.992
1.000
1.012
0.988
0.996
0.980
0.968
0.960
0.960
0.944
0.948
0.960
0.952
0.968
0.992
1.000
0.992
1.012
0.976
0.992
0.996
0.988
0.988
1.004
0.976
0.984
0.996
0.984
0.996
1.000
0.968
0.980
0.984
0.972
0.984
0.988
0.964
0.972
0.984
0.979
0.975
1.011
0.999
0.999
0.999
0.971
0.939
0.943
0.959
0.943
0.947
0.975
0.979
0.991
0.991
0.971
0.979
0.983
0.971
0.983
0.999
0.967
0.963
0.963
0.963
0.975
0.975
0.971
0.955
0.895
1.055
0.963
0.963
0.983
0.983
1.023
1.019
1.011
1.019
0.995
0.995
0.999
1.011
0.967
0.995
1.003
0.983
0.991
1.011
1.027
0.999
1.023
1.035
1.023
1.007
1.015
0.991
0.979
0.999
1.003
0.967
0.979
0.991
0.979
0.991
1.003
0.995
1.027
1.055
1.003
0.995
0.991
0.983
0.991
1.011
0.987
0.983
0.999
1.011
0.995
1.019
1.035
0.983
0.979
0.979
0.975
0.987
1.023
1.011
1.023
1.047
1.027
1.022
1.026
1.022
1.022
1.046
1.038
1.030
1.022
0.998
0.986
0.990
0.974
0.978
0.998
0.986
0.974
0.970
0.978
0.978
1.014
1.002
0.994
1.014
1.022
1.002
1.018
1.022
1.018
1.006
1.006
0.994
1.006
1.030
0.998
1.010
1.014
0.990
0.986
0.998
0.986
0.978
1.014
1.014
0.986
0.990
0.990
0.982
1.002
1.010
1.006
0.986
0.978
0.986
0.962
0.978
0.974
0.982
0.958
0.966
0.994
0.974
0.958
0.970
0.982
0.958
0.962
0.982
0.974
0.958
0.962
0.958
0.950
0.962
0.978
0.962
0.982
0.998
0.986
0.978
1.018
1.002
0.966
0.962
0.982
0.978
0.982
1.018
1.002
0.998
1.030
1.038
1.018
1.029
1.009
0.981
0.981
0.981
0.961
0.953
0.957
0.973
0.965
0.997
1.005
0.985
0.997
0.993
0.981
0.989
0.993
0.981
0.993
1.009
0.977
0.993
1.005
0.981
0.981
0.997
1.001
0.965
0.969
0.973
0.981
0.981
0.973
0.977
0.965
0.945
0.937
0.937
0.925
0.945
0.965
0.969
0.981
1.005
0.989
0.977
1.009
0.969
0.957
0.913
0.897
0.869
0.865
0.849
0.893
0.925
0.929
0.965
0.985
0.973
0.989
0.965
0.961
0.953
0.965
0.949
0.957
0.961
0.969
0.997
0.981
0.981
0.993
0.957
0.953
0.957
0.945
0.949
0.981
0.981
0.993
1.025
1.005
1.005
1.013
0.997
0.993
0.981
0.957
0.945
0.961
0.961
0.972
0.984
0.960
0.968
0.972
0.964
0.976
0.984
0.976
0.980
0.984
0.984
0.996
1.016
1.000
0.992
0.976
0.952
0.968
0.980
0.972
0.976
0.988
0.968
0.972
0.968
0.948
0.932
0.948
0.940
0.944
0.956
0.976
0.992
0.996
0.984
0.972
0.988
1.012
0.996
1.000
1.000
0.984
0.996
0.984
0.980
0.988
0.984
0.976
0.988
0.964
0.960
0.968
0.968
0.976
0.992
0.976
0.992
1.000
0.996
1.016
1.020
0.992
1.016
1.004
0.992
1.004
1.008
0.888
1.108
1.008
0.988
1.000
1.012
0.992
0.992
1.000
0.996
1.004
1.008
1.008
1.012
1.012
0.980
0.992
0.980
0.980
0.980
1.004
0.996
1.004
1.008
1.028
1.003
1.007
0.995
0.967
0.987
0.975
0.959
0.947
0.967
0.963
0.967
0.975
0.995
0.967
0.995
1.015
0.991
0.983
1.007
1.019
0.995
0.971
0.967
0.951
0.943
0.943
0.927
0.939
0.967
0.959
0.951
0.967
0.967
0.983
0.987
0.967
0.975
0.987
0.967
0.991
0.983
0.971
0.987
0.999
0.983
0.983
1.003
0.991
0.983
0.999
0.999
0.999
1.007
1.007
1.015
1.011
1.003
1.015
1.003
1.003
1.007
0.991
0.995
1.007
1.003
0.987
1.011
1.007
1.023
0.999
0.987
0.967
0.983
1.011
1.035
1.031
1.019
1.023
0.991
0.987
0.975
0.959
0.979
0.955
0.939
0.939
0.939
0.955
0.955
0.955
0.959
0.935
0.890
0.886
1.114
0.958
0.934
0.982
0.978
0.982
0.974
0.958
0.946
0.930
0.934
0.938
0.938
0.946
0.942
0.934
0.950
0.958
0.946
0.950
0.942
0.930
0.938
0.938
0.926
0.894
0.866
0.886
0.914
0.930
0.970
0.958
0.938
0.954
0.946
0.938
0.950
0.946
0.954
0.978
0.970
0.974
1.002
0.998
0.994
1.022
1.006
0.990
1.022
1.022
0.990
1.002
1.002
0.978
0.990
0.990
0.966
0.974
0.986
0.970
0.974
0.978
0.978
0.986
1.010
1.006
1.006
1.030
1.014
1.018
0.978
0.950
0.946
0.958
0.966
0.934
0.958
0.942
0.946
0.958
0.942
0.950
0.958
0.954
0.966
0.974
0.962
0.962
0.950
0.958
0.962
0.957
0.973
0.969
0.961
0.973
0.977
0.973
0.993
0.973
0.989
1.013
0.993
1.021
1.037
0.997
1.013
1.013
1.009
1.009
0.993
0.965
0.929
0.905
0.893
0.953
0.945
0.977
0.985
0.981
0.965
0.981
0.981
0.969
0.973
0.973
0.989
1.013
0.989
0.989
0.993
0.985
0.969
0.965
0.961
0.981
0.985
0.989
1.009
1.013
0.997
1.021
0.993
0.993
0.989
0.989
0.977
0.997
0.997
0.989
1.029
1.017
1.001
1.009
0.985
0.985
0.981
0.965
0.981
0.985
0.977
0.989
0.997
1.001
1.017
1.013
0.993
1.017
1.005
0.993
1.005
1.005
0.977
0.989
0.985
0.977
0.977
0.997
0.985
0.977
0.993
0.993
0.977
0.992
0.980
0.976
0.980
0.968
0.972
0.984
0.988
0.996
1.008
1.016
0.992
1.020
1.012
0.988
1.000
0.976
0.980
0.976
0.992
0.976
0.980
0.992
0.972
0.968
0.980
0.972
0.972
0.976
0.960
0.960
0.944
0.972
0.976
0.956
0.968
0.948
0.924
0.904
0.892
0.956
0.988
0.984
1.000
1.012
0.984
0.992
1.000
0.972
0.976
0.988
0.988
0.992
1.028
1.016
1.008
1.040
1.028
1.004
1.024
1.008
0.996
1.004
0.996
0.988
0.984
0.984
0.968
0.976
1.000
1.004
1.000
1.012
0.984
0.992
0.992
0.976
0.988
1.008
1.016
1.032
1.072
1.056
1.044
1.016
1.024
0.992
0.988
0.960
0.976
0.964
0.984
1.016
1.003
1.011
1.023
0.995
0.995
1.007
0.995
1.019
1.051
1.035
1.031
1.043
1.027
1.011
1.023
1.023
1.019
1.043
1.035
1.039
1.047
1.055
1.051
1.023
1.019
1.007
0.995
1.007
0.995
0.991
0.995
1.007
1.023
1.035
1.015
1.007
1.019
1.035
0.999
0.983
0.975
0.939
0.931
0.919
0.907
0.891
0.867
0.899
0.907
0.947
1.003
0.983
0.971
0.979
0.959
0.967
0.999
0.999
0.979
1.007
1.011
1.035
1.035
1.043
1.035
1.031
1.027
1.027
1.043
1.027
1.011
1.051
1.031
0.999
1.027
1.035
1.031
1.071
1.063
1.043
1.015
1.011
1.007
1.019
1.003
0.991
0.963
0.947
0.975
0.963
0.951
1.007
1.015
1.014
1.030
1.014
0.998
1.022
1.006
1.006
1.038
1.010
1.010
1.050
1.050
1.026
1.014
1.018
0.962
0.934
0.982
1.014
1.042
1.034
1.018
1.026
1.018
0.982
0.986
1.002
0.994
1.018
1.026
1.022
1.026
1.034
1.010
1.014
1.010
0.998
1.010
1.010
1.002
1.014
1.014
1.014
1.014
1.018
0.982
1.002
1.026
0.998
1.002
1.026
1.002
1.022
1.050
1.054
1.034
1.042
1.034
1.018
1.022
1.034
1.002
1.014
1.030
1.002
1.010
1.018
1.018
1.010
1.038
1.026
1.022
1.018
0.994
0.994
1.018
0.998
1.014
1.006
1.006
1.030
1.038
1.018
1.014
1.018
1.010
0.986
1.010
1.002
0.978
0.978
0.998
1.005
0.985
0.993
0.989
1.005
1.021
1.005
1.009
1.021
1.005
1.005
1.025
0.993
1.017
1.021
1.005
1.041
1.037
1.009
1.005
1.005
0.985
0.993
1.005
1.009
1.045
1.045
1.033
1.029
1.021
0.977
0.973
0.969
0.965
0.961
0.985
0.989
0.985
1.005
0.989
0.973
0.973
0.977
0.977
0.993
1.009
0.997
1.009
1.021
1.001
1.021
1.021
0.981
0.973
0.981
0.993
0.973
0.977
0.969
0.977
0.973
0.957
0.929
0.901
0.909
0.961
0.977
1.013
0.997
0.977
0.973
0.969
0.949
0.961
0.981
0.985
1.009
1.021
0.989
1.013
1.017
1.005
1.025
1.041
1.001
1.013
1.025
1.021
1.025
1.041
1.021
1.029
1.029
1.000
1.020
1.020
1.008
1.004
1.008
1.000
1.012
1.004
0.988
0.992
1.004
0.996
1.004
1.008
1.004
1.028
1.024
1.036
1.036
1.016
1.032
1.024
1.016
1.020
1.012
0.988
1.008
1.020
1.024
1.036
1.056
1.044
1.020
1.020
1.008
0.992
0.996
1.012
0.996
1.016
1.040
1.012
1.012
1.000
1.000
0.968
0.960
0.956
0.968
0.988
0.980
0.992
0.996
0.992
0.996
1.004
1.004
0.988
1.016
1.000
0.980
0.976
0.988
0.980
0.976
0.984
0.980
0.960
0.968
0.980
0.976
0.992
1.000
0.996
1.000
1.000
0.980
0.992
1.004
0.988
0.984
1.004
1.000
1.000
1.008
1.004
0.992
1.024
1.004
1.004
1.012
0.983
0.987
1.015
0.983
0.987
1.015
0.995
1.007
1.011
0.995
1.039
1.031
1.023
1.035
1.031
1.023
1.055
1.027
1.003
1.007
1.019
0.999
0.991
0.999
0.999
0.991
0.999
1.003
0.983
0.995
1.015
1.007
0.995
1.003
0.987
0.991
1.011
0.995
0.983
0.947
0.911
0.915
0.955
0.995
1.011
1.015
0.983
0.971
0.963
0.955
0.927
0.903
0.895
0.899
0.927
0.959
0.943
0.959
0.963
0.947
0.967
0.975
0.987
1.015
0.999
1.011
0.939
0.923
0.911
0.903
0.911
0.915
0.919
0.879
0.883
0.867
0.907
0.935
0.979
0.967
0.955
0.971
0.963
0.963
0.971
0.975
0.971
0.983
0.967
0.951
0.967
0.959
0.967
0.970
1.018
1.018
1.050
1.022
1.022
1.002
1.010
0.998
1.018
1.022
0.994
0.990
1.014
1.002
1.014
1.038
1.022
0.998
1.022
1.018
1.014
1.026
1.022
1.018
1.030
1.034
1.030
1.022
1.034
1.038
1.030
1.038
1.038
1.038
1.046
1.018
1.006
1.034
1.018
1.018
1.010
1.006
1.006
1.030
1.010
1.010
1.022
1.018
0.998
1.026
1.018
0.990
0.998
1.010
0.998
1.002
1.022
1.002
1.006
0.990
0.978
1.002
1.006
0.990
0.994
0.970
0.950
0.922
0.894
0.918
0.986
0.998
1.006
0.998
0.990
0.994
0.998
0.982
0.994
1.002
0.990
1.006
1.018
0.994
0.994
0.982
0.962
0.958
0.994
0.938
0.914
0.910
0.909
0.905
0.917
0.945
0.989
0.997
1.001
1.005
0.953
0.925
0.921
0.909
0.937
0.917
0.897
0.901
0.869
0.901
0.953
0.953
0.945
0.933
0.937
0.925
0.925
0.913
0.917
0.945
0.953
0.953
0.965
0.953
0.965
0.969
0.965
0.973
0.973
0.953
0.953
0.953
0.945
0.945
0.945
0.929
0.917
0.913
0.929
0.945
0.989
0.969
0.993
1.017
0.985
1.001
1.013
1.001
0.993
1.005
0.973
0.961
0.985
0.965
0.969
0.981
1.001
0.961
0.985
0.989
0.961
0.965
0.985
0.957
0.949
0.957
0.969
0.965
0.973
0.993
0.985
1.005
1.017
1.005
1.017
1.013
1.033
1.057
1.041
1.049
1.041
1.017
1.013
1.025
1.008
1.000
1.012
1.008
1.024
1.036
1.020
1.020
1.032
1.016
1.000
1.012
1.004
0.988
0.988
0.988
0.964
0.976
0.984
0.984
1.000
1.016
0.976
0.980
1.008
0.992
0.992
1.016
1.000
0.988
0.996
0.972
0.968
0.988
0.988
0.976
0.984
0.988
0.984
1.008
1.012
1.000
1.024
1.024
0.996
0.984
0.984
0.964
0.980
1.000
1.008
1.012
1.016
1.000
0.988
0.988
0.976
0.956
0.956
0.960
0.956
0.944
0.948
0.940
0.936
0.980
0.980
0.956
0.968
0.944
0.940
0.948
0.952
0.952
0.980
0.972
0.968
0.992
0.968
0.972
0.988
0.988
0.972
0.984
1.024
0.996
0.996
0.992
0.996
0.976
0.992
0.992
0.972
0.971
0.987
0.983
1.011
1.007
0.987
0.987
0.987
0.967
0.951
0.971
0.951
0.947
0.959
0.967
0.971
0.987
0.991
0.967
0.967
0.987
0.971
0.959
0.991
0.995
0.967
0.963
0.983
0.967
0.963
0.963
0.927
0.891
0.883
0.903
0.903
0.935
0.955
0.935
0.927
0.947
0.967
0.971
0.983
0.987
0.975
0.995
1.015
0.991
0.999
1.011
0.979
0.983
0.979
0.975
0.991
0.987
0.995
0.999
1.019
0.999
0.983
0.999
0.991
0.967
0.979
0.967
0.975
1.003
0.991
0.983
0.983
0.991
0.959
0.959
0.971
0.983
0.991
1.007
0.999
0.991
1.007
1.015
0.979
0.971
0.999
1.027
1.007
0.951
0.947
0.955
0.943
0.955
0.958
0.982
0.966
0.962
0.946
0.946
0.934
0.942
0.946
0.918
0.906
0.902
0.858
0.854
0.894
0.930
0.938
0.962
0.982
0.982
1.002
0.994
1.006
0.986
1.010
1.014
0.990
0.998
1.010
0.994
0.998
1.002
1.002
0.998
0.998
0.974
0.994
1.006
0.986
1.034
1.038
1.010
1.014
1.026
1.002
1.010
1.014
0.986
0.974
0.990
0.986
0.986
1.022
1.018
0.990
0.990
0.970
0.934
0.922
0.966
1.002
0.982
0.986
0.950
0.950
0.962
0.950
0.950
0.950
0.942
0.930
0.954
0.974
0.954
0.970
0.974
0.962
0.958
0.970
0.982
1.010
1.006
1.006
1.038
1.026
1.010
0.998
1.014
0.994
1.014
1.026
1.014
1.013
1.009
1.021
0.997
1.005
0.997
0.993
0.997
1.009
0.997
1.001
1.017
0.993
0.985
1.013
0.993
0.969
0.973
0.961
0.953
0.957
0.993
0.969
0.973
0.989
0.981
0.949
0.957
0.957
0.957
0.977
1.001
0.989
0.977
0.977
0.981
0.953
0.957
0.965
0.961
0.961
0.997
1.017
0.973
0.973
0.981
0.961
0.945
0.949
0.977
0.957
0.965
0.977
0.965
0.977
1.001
1.005
1.021
0.981
0.953
0.917
0.889
0.925
0.937
0.977
1.005
0.961
0.953
0.961
0.965
0.937
0.925
0.949
0.945
0.965
1.013
0.993
1.017
1.025
1.001
0.993
0.997
0.985
0.993
1.017
0.989
0.989
0.993
0.981
0.997
1.001
0.969
0.977
0.984
0.984
1.004
1.020
0.988
1.000
0.988
0.964
0.972
0.960
0.960
0.980
0.976
0.992
1.000
0.996
0.988
0.992
0.972
0.960
0.952
0.952
0.960
0.996
0.992
0.996
1.000
0.988
0.992
1.012
1.004
0.992
1.012
0.996
0.972
0.968
0.992
0.972
0.980
1.012
0.988
0.980
1.028
1.004
1.000
0.984
0.972
0.964
0.972
0.968
0.952
0.960
0.988
0.976
0.976
0.964
0.956
0.980
0.972
0.972
1.000
0.960
0.944
0.936
0.900
0.876
0.876
0.932
0.924
0.972
0.984
0.960
0.992
0.976
0.964
0.948
0.964
0.944
0.940
0.960
0.952
0.972
0.996
0.988
0.996
1.008
0.988
0.976
0.984
0.996
0.980
0.996
0.995
0.967
0.975
0.971
0.959
0.955
0.979
0.975
0.975
0.975
0.971
0.959
0.975
0.983
0.959
0.959
0.971
0.975
0.991
1.007
0.979
0.991
0.995
0.983
0.987
1.007
0.987
0.987
0.995
0.883
1.079
1.007
0.987
0.995
1.003
0.991
0.967
0.987
0.995
0.971
0.971
0.975
0.963
0.975
0.979
0.991
0.967
0.987
0.995
0.967
0.975
0.967
0.955
0.955
0.979
1.015
0.975
0.987
0.983
0.967
0.967
0.979
0.963
0.955
0.975
0.975
0.959
0.975
0.951
0.959
0.931
0.919
0.903
0.883
0.859
0.855
0.863
0.875
0.915
0.927
0.939
0.959
0.943
0.959
0.959
0.955
0.967
0.951
0.947
0.943
0.943
0.951
0.855
1.062
0.986
0.978
0.966
0.962
0.950
0.962
0.962
0.974
0.978
0.970
0.962
0.950
0.946
0.926
0.934
0.926
0.926
0.930
0.910
0.878
0.866
0.878
0.934
0.954
0.978
0.994
0.974
0.982
1.006
0.998
1.002
0.990
0.990
0.994
1.026
1.022
0.990
1.010
1.002
0.974
0.974
0.970
0.946
0.950
0.958
0.970
1.002
0.982
0.986
0.994
0.978
0.962
0.974
0.958
0.970
0.990
0.990
0.986
0.994
0.974
0.966
0.994
0.982
0.982
1.002
0.982
0.970
0.982
0.982
0.958
0.978
0.974
0.982
0.986
1.014
0.998
1.014
0.990
0.950
0.942
0.918
0.902
0.874
0.858
0.858
0.878
0.918
0.978
0.986
0.962
0.990
0.994
0.973
0.981
0.997
1.001
0.981
0.993
0.985
0.981
0.985
0.993
0.961
0.973
0.997
1.001
1.021
1.041
1.013
1.017
1.025
0.993
0.993
1.013
0.997
1.001
0.997
0.993
0.997
0.997
0.981
0.961
0.965
0.965
0.969
0.973
0.989
0.985
0.989
1.001
1.001
0.977
0.973
1.013
1.005
0.989
1.033
1.029
1.001
1.017
1.009
0.997
0.997
1.005
0.977
0.977
0.989
0.973
0.965
0.977
0.965
0.965
0.969
0.989
0.973
0.973
0.981
0.969
0.981
1.005
0.993
0.981
1.001
1.009
0.989
0.989
1.001
0.977
0.965
0.977
0.993
1.001
1.009
0.997
0.985
0.997
1.009
0.981
0.993
1.017
0.989
1.009
1.017
1.009
0.988
0.988
0.988
0.988
0.972
1.004
1.016
0.992
1.004
1.012
0.992
0.984
1.016
1.020
0.984
0.992
1.000
0.984
0.996
1.012
1.000
0.980
1.004
0.988
0.964
0.992
0.984
0.972
0.992
0.984
0.976
0.992
1.000
1.000
0.992
0.996
0.976
0.984
0.992
0.988
1.008
1.044
1.036
1.016
1.004
1.020
1.004
1.016
1.032
1.020
1.032
1.032
1.016
1.000
1.004
0.984
0.972
1.000
0.972
0.968
0.996
0.988
1.000
1.024
1.024
1.008
1.004
1.016
1.004
1.004
1.008
0.996
1.004
1.012
0.812
0.808
0.992
0.968
0.976
0.988
1.004
1.004
1.008
1.016
1.000
1.008
1.020
0.996
1.008
1.032
1.008
1.028
1.032
0.832
0.828
0.992
0.984
0.980
0.976
0.996
0.984
0.996
0.988
0.968
0.940
0.908
0.904
0.932
0.940
0.992
0.948
0.940
0.952
0.968
0.948
0.936
0.944
0.920
0.920
0.896
0.876
0.908
0.904
0.888
0.872
0.868
0.888
0.896
0.872
0.864
0.860
0.872
0.860
0.848
0.840
0.844
0.820
0.788
0.808
0.816
0.848
0.828
0.888
0.920
0.924
0.992
1.028
1.068
1.104
1.124
1.100
1.096
1.096
1.084
1.080
1.008
1.048
1.020
1.020
1.020
1.004
1.028
1.032
1.020
1.020
1.052
1.048
1.028
1.028
1.028
1.052
1.020
1.004
1.020
1.024
1.044
1.064
1.072
1.068
1.040
1.032
1.032
1.020
1.012
1.008
0.988
0.960
0.936
0.904
0.908
0.928
0.960
0.984
0.964
0.948
0.992
1.028
1.036
1.024
1.048
1.024
1.032
1.032
1.032
1.048
1.028
1.012
1.004
1.016
0.996
1.008
1.016
1.008
1.012
1.020
1.008
1.020
1.016
1.016
1.020
1.000
1.004
1.028
1.032
1.016
1.044
1.036
1.020
1.008
1.024
0.960
0.972
0.996
1.000
0.980
1.004
1.012
1.024
1.048
1.048
1.028
1.040
1.032
1.000
1.016
1.048
1.028
1.016
1.012
0.984
0.992
1.016
1.020
1.004
1.040
1.028
1.012
1.024
1.016
0.996
1.044
1.016
1.020
1.016
1.024
1.028
1.040
1.028
1.016
1.004
1.012
0.992
0.988
1.016
1.012
1.004
1.016
1.008
1.004
1.012
0.992
0.996
1.020
0.992
0.992
1.000
0.984
1.000
1.020
0.996
1.028
1.028
0.992
0.992
1.012
0.996
0.984
0.992
0.988
1.000
1.024
0.996
0.996
1.000
0.984
0.984
0.992
0.992
0.968
0.980
1.004
0.984
0.988
0.996
0.968
0.980
0.980
0.960
0.960
0.972
0.952
0.956
0.968
0.972
0.984
1.004
0.992
0.980
0.984
0.984
0.980
0.988
0.992
0.972
0.976
0.976
0.952
0.956
0.996
0.992
0.984
1.016
1.000
1.000
1.004
0.984
1.004
1.008
0.984
0.980
0.976
0.976
0.992
1.000
1.004
0.984
1.008
1.012
0.996
0.992
0.996
0.984
1.000
1.028
0.996
0.988
1.000
1.000
0.968
0.968
0.996
0.996
1.012
1.008
0.976
0.984
0.984
0.964
0.964
0.956
0.940
0.928
0.936
0.920
0.944
0.964
0.980
1.004
1.020
1.016
1.016
1.024
1.000
0.976
0.996
1.008
0.988
0.988
1.004
0.996
0.992
0.992
0.976
0.984
0.992
0.968
0.988
1.012
1.008
1.012
1.024
1.020
0.988
1.000
1.000
0.980
0.980
1.008
1.004
1.000
1.020
1.012
0.992
1.012
1.000
1.004
0.996
0.980
0.968
0.984
0.984
0.976
0.960
0.948
0.964
0.960
0.948
0.956
0.972
0.988
0.980
0.984
0.944
0.936
0.964
0.976
0.976
0.992
1.000
0.980
0.988
0.996
0.984
0.980
0.976
0.960
0.980
0.960
0.960
0.976
0.980
0.976
0.980
0.976
0.964
0.984
0.988
0.976
0.988
1.004
0.988
1.000
1.004
0.984
0.972
0.996
0.992
0.968
0.964
0.984
0.972
0.952
0.956
0.964
0.948
0.948
0.976
0.984
0.996
1.004
0.992
1.004
0.996
0.976
0.956
0.956
0.932
0.924
0.924
0.912
0.908
0.928
0.960
0.920
0.944
0.964
0.972
0.956
0.964
0.984
0.972
0.976
0.976
0.984
1.004
1.020
0.976
0.960
0.980
0.964
0.964
0.988
0.992
0.984
1.000
0.996
0.992
1.004
1.016
0.992
0.992
0.996
0.984
1.012
1.004
0.980
0.972
1.000
0.996
0.984
0.984
0.980
0.972
1.000
0.984
0.988
0.992
0.980
1.004
0.996
0.980
0.976
0.972
0.972
0.992
1.016
1.008
1.052
1.064
1.068
1.052
1.052
1.028
1.040
1.016
0.992
0.988
1.000
0.996
0.996
1.000
0.992
0.972
1.004
0.992
1.004
1.020
1.036
1.008
1.020
1.028
1.024
1.016
1.016
1.004
1.016
1.008
1.016
1.008
1.020
0.996
0.988
0.988
0.980
0.988
1.004
0.996
0.996
0.996
0.980
0.964
0.992
0.996
0.980
1.004
0.992
0.980
0.992
0.984
0.984
0.980
0.992
0.984
0.992
1.016
1.012
0.996
1.016
1.008
0.980
1.004
1.032
1.004
0.988
0.992
1.000
0.980
1.000
1.008
0.968
0.988
0.968
0.960
0.960
0.948
0.948
0.948
0.948
0.948
0.972
0.976
0.968
0.984
1.004
1.024
1.040
1.028
1.016
1.036
1.040
1.000
1.008
1.008
0.980
0.996
1.032
1.008
1.004
1.000
1.004
1.024
1.008
0.988
1.008
1.016
0.892
1.136
0.992
0.988
1.012
1.040
1.028
1.028
1.044
0.996
0.992
0.972
0.960
0.968
0.996
1.016
1.024
1.060
1.044
1.016
1.012
1.012
0.980
0.976
0.972
0.964
0.976
0.984
0.976
0.984
0.996
0.996
1.012
1.040
1.028
1.020
1.040
1.016
0.996
1.008
0.996
0.980
1.004
0.992
0.992
1.016
1.020
1.012
1.000
1.000
0.984
0.996
1.020
1.028
1.000
1.008
1.040
1.024
1.012
1.020
1.004
0.996
1.008
1.048
1.000
0.992
1.000
1.008
1.004
0.968
0.980
0.992
0.988
1.020
1.064
1.024
1.040
1.004
0.972
0.988
0.972
0.964
0.968
0.960
0.972
0.976
0.972
0.972
0.964
0.972
0.984
1.000
0.988
1.000
1.004
1.008
1.016
1.036
0.956
0.912
0.876
0.904
0.984
1.016
0.948
0.932
0.916
0.888
0.868
0.856
0.836
0.828
0.820
0.840
0.908
0.980
1.000
1.004
1.024
1.048
1.008
1.012
1.052
1.056
0.972
0.936
0.932
0.912
0.872
0.860
0.836
0.840
0.908
0.984
0.988
0.972
0.968
0.936
0.920
0.924
0.908
0.916
0.908
0.932
0.996
1.052
0.988
1.208
1.064
1.044
1.024
1.024
1.024
1.016
1.004
1.028
1.020
1.048
1.068
1.060
1.032
1.028
1.004
1.004
1.004
1.008
1.020
1.004
1.008
1.000
1.008
1.032
1.040
1.032
1.052
1.032
1.036
0.984
0.920
0.900
0.904
0.892
0.872
0.852
0.832
0.844
0.852
0.836
0.844
0.852
0.860
0.848
0.844
0.860
0.900
0.896
0.892
0.908
0.872
0.872
0.904
0.876
0.884
0.900
0.896
0.884
0.868
0.868
0.848
0.856
0.952
0.960
1.004
1.016
0.992
0.960
0.960
0.924
0.928
0.932
0.936
0.976
0.964
0.976
0.968
0.976
1.008
0.992
1.020
1.044
1.048
1.044
1.012
1.028
1.044
1.024
1.040
1.040
1.052
1.036
1.032
1.028
1.072
1.056
1.052
1.052
1.048
1.016
1.060
1.056
1.056
1.076
1.040
1.040
1.052
1.024
1.028
1.008
0.992
0.984
0.964
0.964
0.996
1.000
1.008
0.960
0.920
0.940
1.052
1.024
1.040
1.056
1.024
1.036
1.020
0.988
0.988
1.052
1.052
1.068
1.064
1.040
1.048
1.048
1.032
1.052
1.056
1.020
1.028
1.044
1.020
1.028
1.024
1.004
1.024
1.012
1.000
1.012
1.004
1.048
1.056
1.016
1.028
1.016
0.996
0.996
1.004
0.992
0.984
0.988
0.988
1.016
1.028
0.992
1.008
0.928
1.080
1.008
1.028
0.992
1.004
1.020
1.016
1.000
1.000
0.964
0.960
0.960
0.964
0.976
0.984
0.980
0.992
1.020
1.016
1.020
1.064
1.068
1.028
1.040
1.020
1.004
1.016
0.984
0.976
0.972
1.024
1.020
1.028
1.048
1.004
1.012
1.024
0.988
1.008
1.028
1.004
0.984
0.988
0.972
0.972
0.940
0.892
0.880
0.860
0.840
0.832
0.828
0.824
0.876
0.908
0.936
0.964
0.964
0.944
0.952
0.932
0.928
0.960
0.964
0.940
0.964
0.992
0.996
0.984
1.028
1.012
1.056
1.068
1.016
1.044
1.028
1.020
1.044
1.028
1.024
1.040
1.036
1.040
1.048
1.012
1.028
1.072
1.032
1.040
1.036
1.020
1.024
1.020
1.024
1.040
1.044
1.020
1.028
1.024
1.020
1.048
1.052
1.072
1.052
1.020
1.012
1.040
1.020
1.016
1.052
1.012
1.008
1.020
1.008
1.020
1.044
1.032
1.012
1.032
1.016
1.012
1.012
1.004
1.004
1.040
1.024
0.992
1.004
1.012
0.964
0.968
0.944
0.948
0.968
0.972
0.972
0.960
0.952
0.952
0.976
0.972
0.984
1.016
1.016
1.048
1.036
1.024
1.016
1.020
1.012
0.996
1.016
0.996
1.004
1.008
0.984
0.996
0.980
0.984
1.016
1.012
1.036
1.040
1.024
1.016
1.020
0.964
0.940
0.916
0.888
0.868
0.848
0.916
0.948
0.932
0.928
0.920
0.932
0.924
0.924
0.912
0.908
0.884
0.892
0.880
0.892
0.896
0.900
0.920
1.028
1.040
0.988
0.988
1.008
1.016
0.992
0.988
0.952
0.908
0.928
0.924
0.948
0.940
0.940
0.920
0.924
0.900
0.904
0.872
0.864
0.868
0.852
0.856
0.852
0.892
0.936
0.960
0.940
0.948
0.952
0.960
0.976
0.984
0.956
0.952
0.980
0.968
0.936
0.916
0.920
0.932
0.928
0.948
0.952
0.952
0.976
0.956
0.968
1.008
0.976
1.008
1.008
1.000
1.016
1.040
1.040
1.080
1.088
1.068
1.092
1.088
1.048
1.096
1.048
1.016
1.024
1.016
1.012
1.048
1.080
1.088
1.104
1.048
1.076
1.052
1.028
1.040
1.048
1.032
1.056
1.072
1.044
1.056
1.076
1.048
1.040
1.052
1.024
1.048
1.060
1.036
1.036
1.056
1.040
1.028
1.076
1.004
1.020
1.052
1.040
1.056
1.072
1.052
1.048
1.064
1.036
1.044
1.056
1.040
1.060
1.076
1.064
1.036
0.976
0.992
0.968
0.984
0.972
0.940
0.908
0.932
0.964
1.028
1.052
1.040
1.068
1.064
1.012
1.036
1.064
1.032
1.044
1.060
1.016
1.012
1.076
1.052
1.048
1.068
1.036
1.044
1.036
1.016
1.016
1.020
0.988
0.996
1.020
1.028
1.048
1.040
1.028
1.048
1.036
1.032
1.068
1.072
1.068
1.084
1.076
1.040
1.076
1.060
1.012
1.028
1.060
1.020
1.076
1.072
1.052
1.072
1.040
1.036
1.052
1.056
1.032
1.040
1.044
1.016
1.032
1.004
1.008
1.028
1.000
1.036
1.080
1.088
1.088
1.092
1.048
1.064
1.056
1.012
1.004
1.000
0.988
1.004
1.040
1.004
0.984
1.024
1.012
1.004
1.020
1.040
1.024
1.020
1.052
1.068
1.056
1.056
1.040
1.068
1.064
1.040
1.060
1.056
1.020
1.012
1.020
1.000
0.996
1.020
1.040
1.028
1.048
1.064
1.048
1.048
1.064
1.052
1.020
1.024
1.036
1.004
1.004
1.032
1.020
1.012
1.036
1.024
1.020
1.036
1.024
1.028
1.056
0.992
0.968
0.960
0.948
0.920
0.920
0.900
0.896
1.008
1.024
1.032
1.028
1.020
0.996
1.004
1.012
0.996
1.024
1.020
1.020
1.052
1.036
1.044
1.060
1.048
1.044
1.052
1.040
1.048
1.068
1.036
1.072
1.060
1.032
1.020
1.036
1.028
1.040
1.068
1.040
1.008
1.020
0.996
1.008
1.052
1.012
1.036
1.084
1.036
1.024
1.028
1.004
1.016
1.044
1.020
1.028
1.032
1.012
1.020
1.048
1.020
1.028
1.052
1.040
1.028
1.044
1.020
1.012
1.000
0.968
0.940
0.912
0.892
0.904
0.964
0.968
0.984
1.056
1.032
1.020
1.024
0.964
0.896
0.924
1.016
1.084
1.088
1.096
1.088
1.100
1.116
1.124
1.124
1.132
1.136
1.112
1.068
1.116
1.128
1.088
1.044
1.024
1.044
1.032
1.020
1.052
1.032
1.044
1.048
1.024
1.016
0.996
1.028
1.028
1.020
1.016
1.012
1.004
1.028
1.048
1.052
1.032
1.052
1.036
1.016
1.020
1.008
0.980
0.984
0.988
0.996
1.032
1.008
1.012
1.020
0.996
1.008
1.024
0.988
1.008
1.004
0.988
1.000
0.980
0.980
0.996
0.984
0.968
0.996
0.992
0.964
0.992
0.976
0.972
0.984
0.968
0.960
0.972
1.004
0.980
1.008
0.976
0.952
0.968
0.968
0.992
1.048
1.060
1.048
1.036
1.048
1.052
1.036
1.004
0.996
0.988
0.968
0.964
0.972
0.952
0.972
0.980
0.984
0.996
0.972
0.968
0.960
0.948
0.920
0.980
0.976
0.964
0.980
0.968
0.988
0.996
0.976
0.968
0.996
0.984
0.996
1.048
1.012
1.016
1.040
1.000
1.012
1.020
0.976
0.992
1.000
0.976
0.988
1.012
0.992
1.016
1.052
1.024
1.008
1.016
1.016
0.980
0.968
1.000
1.004
0.956
0.984
0.968
0.928
0.936
0.924
0.912
0.924
0.952
0.944
0.988
1.016
0.992
1.008
0.992
0.988
0.996
0.988
0.972
0.992
0.972
0.972
1.008
0.980
0.976
1.000
0.988
0.984
1.000
0.976
0.952
0.956
0.976
0.976
0.988
1.004
0.992
1.020
1.064
1.020
1.020
1.016
1.044
1.064
1.020
1.028
1.040
1.048
1.012
1.024
1.040
1.012
1.008
1.000
0.996
0.976
1.008
0.972
0.972
0.992
0.976
0.972
1.004
1.020
0.988
1.028
1.036
1.008
1.008
1.044
1.020
1.004
1.016
0.984
0.980
0.996
1.000
1.012
1.064
1.048
1.012
1.016
1.020
1.004
0.996
1.008
1.020
0.992
1.012
1.040
1.020
0.988
1.000
0.992
0.968
0.956
0.964
0.948
0.972
0.968
0.964
0.980
0.972
0.964
0.984
1.004
0.988
0.984
1.004
1.016
0.976
0.960
0.976
0.944
0.944
0.972
0.924
0.944
0.992
0.956
0.972
0.988
0.964
0.964
0.956
0.936
0.960
0.964
0.944
0.960
0.988
0.960
0.980
1.016
0.980
0.972
0.984
0.964
0.980
1.032
0.992
0.984
1.008
1.004
1.000
0.984
0.984
0.992
0.960
0.988
1.000
0.988
1.028
1.080
1.040
1.040
1.016
0.992
0.992
0.988
0.956
0.980
1.012
0.996
1.012
1.036
1.012
1.000
1.036
1.016
1.008
1.052
1.040
1.012
0.988
0.980
0.960
0.976
0.984
0.964
0.964
0.988
1.012
0.996
0.976
1.000
1.032
0.980
0.972
1.012
1.008
1.044
1.020
0.992
1.000
1.012
0.984
0.996
1.012
1.012
1.020
1.052
1.012
1.028
1.044
1.016
1.008
1.020
1.032
1.032
1.028
1.024
1.012
0.996
0.976
0.944
0.968
1.004
0.992
1.004
1.036
1.008
1.016
1.036
1.028
1.028
1.032
1.012
0.996
1.036
1.008
0.984
1.012
1.028
0.980
0.992
1.012
0.996
1.000
1.012
0.988
0.984
0.952
0.920
0.876
0.872
0.896
0.892
0.876
0.912
0.956
0.936
0.932
0.944
0.912
0.908
0.924
0.908
0.912
0.940
0.952
0.944
0.952
0.976
0.948
0.956
0.976
0.948
0.960
1.012
0.992
1.004
1.020
1.000
1.020
1.040
1.012
1.000
1.012
1.024
1.012
0.996
1.012
0.992
0.976
0.984
0.980
1.004
1.044
1.008
1.004
1.024
0.996
0.956
0.960
0.964
0.948
0.948
0.980
0.992
0.988
1.032
1.028
0.996
0.988
0.992
0.972
0.940
0.980
1.008
0.976
0.976
1.036
1.064
1.092
1.104
1.068
1.052
1.036
1.000
1.000
0.984
0.960
0.928
0.904
0.884
0.876
0.908
0.908
0.908
0.964
0.960
0.984
0.996
0.980
1.024
1.032
0.984
0.992
1.000
0.956
0.952
0.952
0.952
0.936
0.980
0.980
0.948
0.968
0.996
0.952
0.984
0.992
0.988
1.008
1.040
1.004
0.996
0.980
0.956
0.976
0.996
1.036
1.000
0.952
0.908
0.880
0.852
0.860
0.888
0.900
0.900
0.940
0.932
0.920
0.920
0.892
0.900
0.928
0.944
0.932
0.948
0.932
0.944
1.000
0.968
0.984
1.000
0.956
0.956
0.976
0.972
1.004
1.036
1.044
1.008
1.032
1.004
1.036
1.008
1.016
1.024
1.028
1.060
1.064
1.036
1.048
1.040
1.024
0.988
0.940
0.916
0.892
0.872
0.880
0.972
0.976
0.988
1.004
0.980
0.960
0.952
0.948
0.928
0.948
0.976
0.964
0.992
1.056
1.060
1.060
1.064
1.016
1.036
1.032
1.020
1.008
1.020
1.028
1.016
1.024
1.040
1.016
1.028
1.036
1.008
1.024
1.044
1.024
1.044
1.032
1.020
0.984
0.944
0.992
1.032
1.004
1.020
1.048
1.036
1.012
1.016
1.024
1.004
0.988
1.028
0.988
0.960
0.988
0.980
0.972
1.004
1.040
1.024
1.044
1.076
1.044
1.028
1.052
1.008
1.020
1.048
1.012
1.028
1.064
1.048
1.020
1.000
1.020
0.996
0.984
1.000
0.992
0.988
1.012
1.036
1.040
1.048
1.036
1.028
1.024
1.020
0.980
0.968
0.976
0.936
0.904
0.920
0.932
0.924
0.976
1.016
1.032
1.056
1.032
1.036
1.032
1.008
1.012
1.036
1.016
1.040
1.064
1.044
1.032
1.048
1.028
1.024
1.028
1.008
1.012
1.016
0.984
1.000
1.032
1.020
1.052
1.044
1.068
1.084
1.080
1.040
1.028
1.052
1.040
1.032
1.064
1.036
1.072
1.084
1.092
1.052
1.040
1.068
1.036
1.012
1.032
1.028
1.016
1.040
1.016
1.020
1.064
1.052
1.056
1.076
1.104
1.032
1.044
1.044
1.008
1.020
1.032
1.000
1.004
1.024
1.028
1.016
1.024
1.028
1.012
1.016
1.024
1.008
1.024
1.084
1.060
1.032
1.056
1.068
1.032
1.036
1.084
1.080
1.040
1.004
1.020
0.988
0.992
0.992
0.972
0.992
1.000
1.004
1.044
1.044
1.000
1.016
1.028
1.008
1.000
1.028
1.024
1.012
1.048
1.040
1.032
1.048
1.068
1.032
1.032
1.032
1.024
1.032
1.052
1.020
1.024
1.076
1.052
1.052
1.096
1.056
1.048
1.036
1.044
0.992
1.000
1.040
1.048
1.020
1.040
1.044
1.032
1.060
1.036
1.020
1.024
1.028
1.024
1.032
1.032
1.004
0.996
1.016
1.008
1.036
1.056
1.036
1.052
1.048
1.020
1.020
1.028
1.016
1.024
1.056
1.048
1.020
1.044
1.028
1.016
1.036
1.016
1.020
1.028
1.024
1.004
0.996
1.036
1.032
1.060
1.104
1.060
1.084
1.056
1.036
1.024
1.044
1.024
0.956
0.948
0.904
0.872
0.848
0.840
0.832
0.820
0.836
0.856
0.868
0.856
0.856
0.868
0.864
0.844
0.840
0.856
0.868
0.864
0.864
0.852
0.872
0.876
0.868
0.872
0.900
0.884
0.960
1.036
1.040
1.096
1.060
1.064
1.068
1.040
1.036
1.032
1.044
1.072
1.020
1.032
1.016
1.004
1.000
0.936
0.944
0.920
0.960
0.948
0.920
0.892
0.876
0.864
0.848
0.872
0.952
1.024
1.060
1.060
1.052
1.068
1.028
1.036
1.024
1.012
0.976
0.956
0.932
0.956
0.940
0.948
0.968
0.944
0.944
1.004
1.020
1.048
0.992
1.032
1.020
1.020
1.016
0.992
0.992
1.008
1.012
1.032
1.056
1.024
1.052
1.048
1.036
1.044
1.016
1.012
1.016
0.960
0.944
0.976
0.968
0.960
0.948
0.932
0.912
0.960
1.028
1.052
1.024
0.996
0.956
0.948
0.960
0.984
0.968
0.988
1.048
1.052
1.084
1.068
0.992
0.968
0.960
0.940
0.928
0.912
0.948
1.004
1.004
1.060
1.084
1.024
1.064
1.068
1.020
1.064
1.036
1.024
1.040
1.032
1.040
1.104
1.104
1.120
1.116
1.076
1.092
1.052
1.032
1.004
1.020
1.020
1.040
1.028
1.044
1.052
1.056
1.084
1.044
1.048
1.016
1.016
1.032
1.016
1.012
0.996
0.964
0.920
0.892
0.968
1.104
1.124
1.104
1.112
1.072
1.076
1.044
0.996
1.032
1.004
1.004
1.020
1.004
1.004
1.028
1.016
1.080
1.068
1.076
1.044
1.060
1.000
1.028
1.032
0.900
0.900
0.936
0.892
0.904
0.956
0.988
0.972
1.008
1.036
1.032
1.028
1.028
1.040
1.044
1.052
0.992
0.956
0.920
0.968
1.064
1.048
1.024
1.008
1.016
0.996
0.984
0.988
0.976
0.980
1.000
1.028
1.040
1.072
1.064
1.008
0.984
0.980
0.964
0.956
0.956
0.928
0.932
0.908
0.928
0.916
0.968
1.100
1.128
1.072
1.068
1.044
1.024
1.000
1.024
1.020
1.016
1.056
1.040
1.036
1.012
0.980
0.988
0.976
1.008
1.096
1.124
1.144
1.156
1.128
1.088
1.084
1.068
1.064
1.044
1.036
1.040
1.044
1.040
1.020
1.048
1.060
1.028
1.028
1.056
1.012
1.020
1.024
1.012
1.020
1.040
1.040
1.052
1.080
1.076
1.072
1.060
1.056
1.052
1.000
0.984
1.024
1.124
1.216
1.208
1.172
1.148
1.112
1.080
1.068
1.068
1.044
1.036
1.044
1.044
1.024
1.028
1.048
1.036
1.024
1.004
0.996
1.020
1.004
1.000
1.016
0.992
0.988
1.000
0.984
1.036
1.056
1.048
1.064
1.040
1.028
1.048
1.040
1.028
1.068
1.048
1.052
1.076
1.052
1.052
1.092
1.068
1.064
1.084
1.076
1.080
1.092
1.056
1.064
1.064
1.016
1.032
1.052
1.036
1.052
1.060
1.028
1.052
1.052
1.064
1.080
1.064
1.032
1.056
1.056
1.032
1.060
1.056
1.032
1.040
0.992
0.976
0.932
0.920
0.948
0.964
0.992
1.016
1.004
1.016
1.040
1.028
1.000
1.004
0.984
0.972
1.004
1.008
0.988
1.012
1.036
0.996
1.008
1.004
0.992
0.996
0.992
0.976
1.028
1.048
1.080
1.104
1.080
1.060
1.088
1.060
1.076
1.056
1.068
1.096
1.084
1.068
1.088
1.100
1.076
1.100
1.068
1.032
1.032
1.012
1.000
0.996
1.008
1.036
1.036
1.032
1.028
1.024
0.988
0.960
0.984
0.988
0.952
1.024
1.028
1.048
1.080
1.024
1.004
1.012
1.012
1.036
1.036
1.028
1.008
1.028
1.004
1.020
1.020
1.040
1.016
1.016
1.008
1.016
1.012
1.012
1.028
1.032
1.028
1.048
1.036
1.024
1.020
1.020
0.960
0.948
0.960
0.952
0.956
1.024
1.048
1.020
1.068
1.056
1.040
1.064
1.084
1.044
1.064
1.040
1.036
1.052
1.068
1.068
1.048
1.048
1.076
1.076
1.072
1.072
1.056
0.976
0.948
1.020
1.016
1.040
1.076
1.088
1.044
1.052
1.044
1.032
1.040
1.020
1.012
1.008
0.992
1.000
1.020
1.032
1.036
1.040
1.028
1.036
1.028
1.024
1.044
1.056
1.032
1.052
1.060
1.044
1.024
1.024
1.032
1.068
1.056
1.064
1.052
1.024
1.024
1.016
1.008
1.008
1.024
1.024
1.032
1.052
1.024
1.044
1.048
1.016
1.036
1.028
1.040
1.056
1.032
1.000
1.008
1.012
0.972
0.956
0.984
0.980
0.968
0.988
0.956
0.988
1.012
1.008
1.040
1.028
1.008
0.988
1.000
0.980
0.992
0.996
0.992
1.000
1.020
1.000
0.976
1.012
0.960
0.960
0.832
0.828
0.992
0.976
0.972
0.956
1.000
1.040
1.032
1.052
1.024
1.020
1.052
1.040
1.020
1.044
1.064
1.072
1.092
1.080
1.072
1.100
1.056
1.016
1.020
1.040
1.044
1.060
1.056
1.056
1.068
1.092
1.052
1.080
1.088
1.084
1.088
1.100
1.068
1.064
1.068
1.064
0.992
0.980
0.984
0.972
0.984
0.980
1.004
1.024
0.976
0.944
0.880
0.884
0.936
0.956
1.008
1.008
0.964
1.000
0.940
0.892
0.908
0.924
0.932
0.896
0.916
0.908
0.932
0.940
0.944
1.000
1.004
0.980
0.988
0.988
0.956
0.948
0.908
0.928
0.936
0.976
0.932
0.904
0.860
0.880
0.916
0.880
0.916
0.932
0.936
0.928
0.908
0.888
0.900
0.916
0.912
0.888
0.904
0.888
0.908
0.912
0.868
0.880
0.856
0.864
0.908
0.948
0.952
0.956
0.944
0.884
0.924
0.892
0.908
0.924
0.940
0.928
0.952
0.984
0.952
0.992
1.012
1.028
1.020
0.996
0.996
1.004
0.968
0.968
0.932
0.984
1.000
0.936
0.900
0.908
0.892
0.880
0.880
0.880
0.920
0.932
0.952
0.924
0.912
0.896
0.900
0.916
0.948
1.020
1.060
1.040
1.016
0.948
0.916
0.952
0.940
0.952
0.984
1.020
1.020
0.976
1.008
0.992
0.972
0.980
0.972
0.948
0.948
0.988
1.032
1.108
1.088
1.100
1.104
1.048
0.972
0.956
0.976
0.972
1.008
1.020
1.052
1.092
1.120
1.124
1.104
1.092
1.104
1.112
1.060
1.088
1.064
1.084
1.080
1.044
1.060
1.076
1.084
1.108
1.076
1.048
1.028
0.976
0.948
0.956
0.996
1.020
1.048
1.048
1.060
1.068
1.040
0.996
0.964
0.960
1.000
1.020
1.028
1.008
0.992
0.980
0.996
1.012
0.992
0.972
0.992
1.004
1.008
1.036
1.020
1.004
1.024
1.016
1.004
0.972
0.924
0.920
0.944
0.948
0.956
0.996
0.984
0.968
0.980
1.008
0.996
0.968
0.952
0.968
0.952
0.952
0.968
0.988
0.952
0.952
1.024
0.996
0.952
0.940
0.892
0.884
0.888
0.940
0.964
0.924
0.932
0.936
0.920
0.896
0.884
0.892
0.900
0.904
0.924
0.984
0.944
0.976
1.024
1.020
0.992
1.032
1.056
1.068
1.052
0.996
0.980
1.000
1.012
0.976
0.972
0.984
1.004
0.996
0.992
0.980
0.964
0.968
0.964
0.876
0.928
0.936
0.972
1.016
1.032
1.036
0.992
0.984
1.004
0.988
0.964
0.972
1.000
0.984
0.968
0.936
0.956
0.960
0.924
0.892
0.884
0.920
1.004
1.040
1.048
1.040
1.000
1.036
1.012
1.012
1.036
1.004
0.996
0.940
0.976
0.944
0.924
0.940
1.008
1.032
1.012
1.004
1.012
1.060
1.072
1.108
1.084
1.032
1.040
1.044
1.040
1.044
1.080
1.056
1.036
1.044
1.040
1.020
1.016
0.956
0.948
1.004
1.044
1.064
1.028
1.008
1.008
0.984
0.980
0.972
0.976
0.984
0.984
0.948
0.984
1.040
1.052
1.028
1.032
1.020
0.988
0.984
0.972
0.984
1.024
1.028
1.036
1.032
1.044
1.036
1.020
1.020
1.008
0.968
0.984
0.992
0.968
0.948
0.924
0.900
0.880
0.892
0.912
0.980
0.988
0.976
0.988
0.972
0.972
0.976
0.956
0.964
1.000
1.020
1.012
1.012
1.000
1.008
1.000
1.016
1.020
1.024
1.016
1.016
1.028
1.004
0.988
0.980
0.976
0.988
0.988
0.972
0.992
1.020
1.008
1.024
1.024
1.004
1.016
1.016
1.008
1.008
1.032
1.008
1.012
1.056
1.064
1.012
0.964
0.928
0.932
0.984
1.020
1.044
1.056
1.044
1.052
0.988
0.976
0.956
0.904
0.936
0.928
0.896
0.876
0.956
0.992
0.976
0.968
0.956
0.932
0.932
0.932
0.972
0.992
0.996
1.020
1.020
1.028
1.044
1.036
1.036
1.008
0.984
0.952
0.920
0.912
0.900
0.928
1.028
1.028
1.056
1.028
1.040
1.008
1.000
1.028
1.004
1.016
1.040
1.040
1.052
1.076
1.064
1.060
1.052
1.044
1.004
0.980
0.976
1.012
1.008
1.028
1.020
1.012
0.984
0.968
0.984
0.960
0.912
0.896
0.880
0.872
0.860
0.912
0.984
1.064
1.096
0.960
0.956
1.104
1.060
1.052
1.024
0.968
0.980
0.984
0.988
0.964
0.976
0.932
0.928
0.932
0.960
0.944
0.928
0.948
0.972
1.008
1.068
1.072
1.044
1.044
1.116
1.092
1.092
1.120
1.128
1.020
1.004
0.988
0.980
0.968
0.968
1.000
1.004
1.012
1.020
1.016
1.140
1.084
1.056
1.020
1.012
0.952
0.932
0.908
1.052
1.108
1.128
1.108
1.100
1.116
1.116
1.124
1.120
1.044
1.016
1.020
0.992
0.992
1.040
1.024
1.012
1.040
1.028
1.020
1.036
1.016
1.016
1.036
1.024
1.028
1.052
1.008
1.020
1.016
1.004
1.008
1.028
1.048
1.008
0.988
0.952
0.916
0.900
0.920
0.984
1.016
1.060
1.036
1.056
1.032
0.996
0.984
0.996
0.948
0.924
0.964
1.016
1.016
0.972
1.012
0.988
0.972
0.960
0.948
0.944
0.920
0.904
0.904
0.908
0.936
0.892
0.916
0.972
0.964
0.996
0.976
0.936
0.944
0.940
0.920
0.936
0.968
0.996
1.000
0.988
0.968
0.908
0.904
0.908
0.872
0.896
0.904
0.924
0.928
0.960
1.004
1.020
1.024
1.032
1.032
1.044
1.000
1.008
0.996
1.000
0.968
0.976
0.980
0.988
1.008
1.068
1.096
1.092
1.084
1.100
1.088
1.056
1.048
1.024
1.016
1.004
0.984
1.064
1.092
1.052
1.056
0.972
0.944
0.928
0.928
0.964
1.000
0.996
1.000
0.980
0.988
1.004
1.012
0.972
0.980
1.016
1.020
1.008
0.988
1.024
1.032
1.020
1.008
1.032
1.048
1.052
1.052
1.068
1.044
1.032
1.028
1.048
1.040
1.048
1.040
1.040
1.072
1.092
1.096
1.040
1.084
1.028
1.028
1.060
1.072
1.092
1.112
1.108
1.072
1.060
1.072
1.040
1.028
1.052
1.064
1.060
1.048
1.040
1.060
1.088
1.068
1.060
1.076
1.048
1.028
0.980
0.988
0.980
1.016
1.060
1.084
1.068
1.040
1.028
1.012
1.048
1.068
1.076
1.080
1.060
1.048
1.068
1.068
1.056
1.056
1.072
1.092
1.120
1.100
1.128
1.124
1.112
1.072
1.072
1.088
1.080
1.084
1.076
1.084
1.080
1.080
1.056
1.044
1.072
1.032
0.992
1.020
1.040
1.032
1.016
1.016
1.008
0.996
0.996
0.980
0.964
0.980
0.992
0.976
0.996
1.012
1.020
1.008
1.000
1.008
1.032
1.024
1.028
1.056
1.032
1.008
1.008
0.992
0.984
0.988
0.956
0.924
0.892
0.956
0.968
0.988
1.020
1.008
1.004
0.996
1.004
0.984
0.984
0.972
0.968
0.952
0.948
0.956
1.008
1.012
0.956
0.940
0.980
0.988
0.996
1.008
0.996
0.960
0.940
0.944
0.920
0.920
0.948
0.932
0.948
1.000
0.992
1.024
1.040
1.020
1.028
1.004
1.036
1.004
0.988
1.000
1.004
0.980
0.968
0.984
0.976
0.960
1.000
1.044
1.020
0.988
0.936
1.144
1.000
0.980
1.000
0.972
0.972
0.984
1.032
1.052
1.016
1.032
1.076
1.052
1.060
1.020
1.040
1.004
0.980
0.980
0.980
0.956
0.956
0.996
0.992
1.004
1.036
1.016
1.000
0.964
0.936
0.908
0.912
0.952
0.984
1.044
1.000
0.960
0.960
0.960
0.928
0.916
0.960
0.972
0.992
1.028
0.992
0.980
1.004
0.972
0.960
0.984
0.988
0.976
1.008
1.004
0.968
0.940
0.964
0.964
0.940
0.948
1.016
1.036
1.040
1.004
1.012
0.992
0.980
0.988
1.048
1.036
1.024
0.988
0.976
0.988
1.040
1.044
1.044
1.048
1.020
1.008
0.996
0.920
0.912
0.988
1.004
1.012
1.036
1.028
0.996
0.996
1.008
1.020
1.056
1.028
1.052
1.012
0.972
0.972
0.976
1.004
0.944
1.008
1.036
1.080
1.116
1.084
1.060
1.060
1.076
1.048
1.080
1.108
1.072
1.100
1.080
1.036
1.036
1.004
1.020
0.984
0.980
0.956
0.980
0.968
0.964
0.932
0.928
