1.084
1.064
1.064
1.072
1.084
1.088
1.096
1.108
1.112
1.108
1.112
1.108
1.116
1.112
1.112
1.116
1.124
1.119
1.123
1.123
1.123
1.127
1.127
1.119
1.119
1.115
1.115
1.119
1.099
1.107
1.099
1.099
1.095
1.099
1.103
1.099
1.103
1.099
1.103
1.099
1.099
1.103
1.103
1.111
1.123
1.123
1.123
1.135
1.147
1.143
1.127
1.122
1.126
1.106
1.130
1.118
1.098
1.114
1.110
1.110
1.110
1.114
1.114
1.114
1.118
1.114
1.106
1.094
1.090
1.070
1.062
1.058
1.062
1.062
1.066
1.070
1.078
1.086
1.086
1.090
1.094
1.098
1.102
1.106
1.106
1.109
1.113
1.109
1.117
1.113
1.113
1.117
1.113
1.113
1.117
1.113
1.113
1.097
1.069
1.085
1.065
1.053
1.061
1.045
1.053
1.049
1.053
1.049
1.045
1.041
1.037
1.029
1.033
1.049
1.057
1.069
1.089
1.093
1.092
1.096
1.096
1.092
1.084
1.084
1.076
1.080
1.084
1.088
1.100
1.104
1.112
1.116
1.116
1.124
1.128
1.128
1.128
1.124
1.128
1.120
1.112
1.108
1.108
1.100
1.096
1.092
1.088
1.096
1.100
1.108
1.108
1.112
1.115
1.123
1.127
1.131
1.127
1.135
1.135
1.139
1.123
1.119
1.115
1.107
1.099
1.095
1.087
1.087
1.079
1.079
1.071
1.067
1.067
1.063
1.067
1.071
1.067
1.067
1.071
1.079
1.079
1.075
1.075
1.083
1.091
1.103
1.106
1.114
1.118
1.114
1.114
1.114
1.118
1.118
1.114
1.114
1.114
1.114
1.114
1.118
1.118
1.130
1.126
1.130
1.122
1.126
1.114
1.122
1.114
1.114
1.110
1.110
1.114
1.114
1.114
1.114
1.118
1.122
1.130
1.129
1.125
1.125
1.105
1.089
1.093
1.089
1.089
1.097
1.093
1.093
1.101
1.097
1.101
1.093
1.097
1.097
1.101
1.109
1.105
1.113
1.117
1.121
1.125
1.121
1.129
1.121
1.125
1.125
1.137
1.137
1.137
1.141
1.141
1.144
1.124
1.124
1.132
1.132
1.116
1.124
1.120
1.124
1.100
1.116
1.112
1.112
1.104
1.108
1.112
1.116
1.112
1.116
1.124
1.124
1.132
1.136
1.128
1.128
1.132
1.128
1.120
1.124
1.124
1.116
1.124
1.124
1.124
1.111
1.131
1.123
1.115
1.111
1.123
1.119
1.115
1.115
1.119
1.123
1.131
1.127
1.135
1.139
1.147
1.151
1.131
1.147
1.135
1.151
1.131
1.139
1.151
1.147
1.147
1.159
1.167
1.139
1.131
1.123
1.119
1.111
1.098
1.098
1.094
1.090
1.106
1.102
1.094
1.114
1.110
1.110
1.094
1.118
1.110
1.114
1.118
1.102
1.122
1.126
1.130
1.138
1.118
1.138
1.130
1.118
1.134
1.130
1.134
1.142
1.138
1.122
1.142
1.130
1.142
1.118
1.141
1.117
1.125
1.117
1.121
1.137
1.113
1.113
1.093
1.081
1.101
1.121
1.121
1.129
1.125
1.105
1.121
1.109
1.117
1.113
1.117
1.105
1.109
1.113
1.109
1.109
1.105
1.113
1.113
1.113
1.117
1.125
1.121
1.125
1.128
1.124
1.136
1.132
1.136
1.140
1.132
1.112
1.132
1.116
1.128
1.104
1.124
1.120
1.104
1.124
1.124
1.128
1.140
1.140
1.124
1.144
1.124
1.136
1.112
1.132
1.112
1.128
1.100
1.124
1.116
1.120
1.104
1.119
1.119
1.119
1.123
1.119
1.127
1.135
1.135
1.131
1.139
1.143
1.143
1.139
1.147
1.147
1.135
1.143
1.135
1.151
1.131
1.155
1.139
1.135
1.127
1.127
1.123
1.119
1.107
1.111
1.111
1.079
1.075
1.063
1.063
1.054
1.038
1.046
1.038
1.042
1.042
1.050
1.062
1.070
1.082
1.090
1.102
1.110
1.126
1.122
1.122
1.130
1.126
1.130
1.110
1.138
1.130
1.134
1.134
1.122
1.134
1.114
1.110
1.122
1.078
1.098
1.074
1.074
1.090
1.085
1.097
1.097
1.109
1.121
1.129
1.125
1.129
1.145
1.145
1.145
1.141
1.145
1.133
1.153
1.133
1.161
1.137
1.141
1.145
1.157
1.137
1.149
1.137
1.141
1.145
1.149
1.145
1.141
1.145
1.137
1.129
1.129
1.140
1.140
1.128
1.128
1.116
1.104
1.092
1.096
1.096
1.096
1.100
1.120
1.116
1.116
1.124
1.132
1.132
1.140
1.124
1.140
1.124
1.144
1.120
1.148
1.144
1.132
1.160
1.132
1.136
1.128
1.128
1.128
1.128
1.116
1.107
1.103
1.115
1.127
1.107
1.111
1.127
1.119
1.127
1.115
1.115
1.119
1.115
1.123
1.095
1.111
1.079
1.079
1.087
1.079
1.079
1.091
1.087
1.091
1.095
1.099
1.103
1.103
1.107
1.107
1.111
1.119
1.115
1.111
1.122
1.118
1.118
1.122
1.126
1.106
1.118
1.118
1.118
1.094
1.114
1.106
1.102
1.106
1.102
1.102
1.094
1.090
1.098
1.102
1.106
1.110
1.114
1.114
1.118
1.118
1.122
1.114
1.106
1.098
1.082
1.066
1.066
1.077
1.065
1.073
1.085
1.097
1.105
1.113
1.129
1.137
1.141
1.141
1.145
1.149
1.149
1.141
1.149
1.129
1.153
1.129
1.141
1.129
1.141
1.133
1.149
1.129
1.129
1.141
1.125
1.121
1.121
1.113
1.097
1.093
1.077
1.060
1.076
1.072
1.080
1.100
1.108
1.112
1.108
1.080
1.092
1.064
1.080
1.056
1.080
1.080
1.092
1.096
1.100
1.108
1.116
1.116
1.124
1.124
1.116
1.120
1.128
1.128
1.132
1.136
1.132
1.132
1.136
1.136
1.140
1.123
1.151
1.131
1.155
1.139
1.131
1.123
1.127
1.131
1.119
1.115
1.119
1.107
1.107
1.115
1.123
1.111
1.123
1.127
1.127
1.123
1.107
1.119
1.119
1.067
1.079
1.083
1.059
1.059
1.055
1.067
1.043
1.063
1.058
1.054
1.038
1.058
1.058
1.070
1.078
1.086
1.102
1.110
1.114
1.114
1.122
1.122
1.122
1.126
1.122
1.134
1.130
1.126
1.122
1.126
1.130
1.126
1.130
1.126
1.114
1.130
1.118
1.134
1.134
1.138
1.146
1.146
1.129
1.137
1.141
1.149
1.145
1.137
1.113
1.113
1.121
1.121
1.109
1.109
1.109
1.085
1.077
1.073
1.061
1.049
1.041
1.061
1.057
1.069
1.081
1.093
1.097
1.105
1.121
1.125
1.133
1.141
1.121
1.141
1.129
1.145
1.124
1.132
1.124
1.124
1.124
1.120
1.112
1.108
1.108
1.096
1.100
1.108
1.088
1.116
1.096
1.120
1.108
1.120
1.124
1.108
1.136
1.116
1.136
1.120
1.128
1.128
1.124
1.128
1.132
1.132
1.112
1.128
1.100
1.091
1.087
1.091
1.079
1.103
1.095
1.103
1.099
1.111
1.115
1.115
1.115
1.123
1.127
1.111
1.131
1.115
1.135
1.127
1.119
1.115
1.103
1.107
1.103
1.099
1.095
1.099
1.091
1.111
1.103
1.111
1.111
1.115
1.119
1.126
1.130
1.094
1.122
1.098
1.110
1.082
1.082
1.090
1.054
1.066
1.050
1.058
1.062
1.074
1.082
1.090
1.106
1.114
1.122
1.122
1.126
1.126
1.138
1.146
1.150
1.146
1.146
1.146
1.162
1.150
1.134
1.134
1.146
1.145
1.129
1.125
1.109
1.105
1.101
1.081
1.077
1.065
1.081
1.057
1.085
1.081
1.089
1.101
1.109
1.117
1.121
1.121
1.117
1.117
1.125
1.109
1.129
1.109
1.133
1.129
1.109
1.129
1.109
1.109
1.097
1.089
1.096
1.092
1.096
1.096
1.096
1.076
1.100
1.088
1.092
1.100
1.100
1.100
1.080
1.100
1.088
1.096
1.088
1.092
1.084
1.088
1.096
1.100
1.108
1.112
1.116
1.120
1.124
1.128
1.128
1.128
1.104
1.124
1.100
1.120
1.111
1.107
1.091
1.107
1.103
1.099
1.099
1.087
1.103
1.087
1.099
1.067
1.091
1.075
1.059
1.047
1.067
1.055
1.059
1.059
1.043
1.031
1.035
1.051
1.051
1.055
1.059
1.067
1.079
1.083
1.079
1.087
1.087
1.087
1.086
1.094
1.094
1.098
1.102
1.094
1.098
1.102
1.102
1.098
1.102
1.102
1.102
1.102
1.106
1.094
1.106
1.110
1.110
1.114
1.110
1.110
1.106
1.110
1.082
1.070
1.058
1.054
1.070
1.062
1.066
1.078
1.090
1.089
1.097
1.093
1.097
1.093
1.093
1.097
1.097
1.101
1.101
1.109
1.125
1.113
1.097
1.105
1.081
1.105
1.101
1.105
1.105
1.113
1.121
1.129
1.145
1.145
1.129
1.121
1.137
1.117
1.109
1.125
1.113
1.101
1.121
1.104
1.084
1.100
1.096
1.100
1.096
1.100
1.080
1.080
1.072
1.044
1.068
1.056
1.060
1.068
1.048
1.052
1.044
1.052
1.044
1.036
1.040
1.040
1.044
1.036
1.028
1.032
1.044
1.048
1.052
1.060
1.072
1.068
1.072
1.075
1.079
1.071
1.075
1.079
1.083
1.083
1.083
1.087
1.091
1.095
1.099
1.103
1.107
1.111
1.119
1.123
1.131
1.143
1.135
1.103
1.119
1.087
1.103
1.083
1.103
1.083
1.103
1.103
1.099
1.103
1.083
1.099
1.082
1.082
1.078
1.062
1.078
1.066
1.070
1.070
1.074
1.062
1.066
1.070
1.062
1.054
1.046
1.042
1.050
1.054
1.058
1.066
1.078
1.074
1.066
1.066
1.066
1.066
1.062
1.066
1.062
1.062
1.062
1.058
1.066
1.070
1.073
1.077
1.073
1.077
1.081
1.081
1.085
1.097
1.077
1.089
1.093
1.097
1.101
1.097
1.097
1.081
1.077
1.073
1.073
1.069
1.065
1.057
1.061
1.061
1.073
1.081
1.089
1.089
1.089
1.093
1.093
1.089
1.085
1.081
1.080
1.076
1.064
1.064
1.060
1.056
1.052
1.048
1.032
1.028
1.020
1.024
1.020
1.016
1.016
1.016
1.012
1.012
1.004
1.008
1.016
1.024
1.028
1.044
1.048
1.048
1.056
1.064
1.072
1.080
1.088
1.084
1.092
1.091
1.099
1.107
1.107
1.103
1.095
1.095
1.095
1.099
1.103
1.099
1.095
1.095
1.091
1.091
1.095
1.099
1.103
1.115
1.115
1.123
1.107
1.127
1.107
1.131
1.111
1.139
1.119
1.119
1.107
1.123
1.119
1.127
1.119
1.110
1.102
1.114
1.114
1.122
1.114
1.118
1.122
1.122
1.110
1.102
1.110
1.114
1.106
1.098
1.106
1.102
1.106
1.086
1.074
1.062
1.058
1.062
1.022
1.026
1.018
1.034
1.010
1.030
1.022
1.026
1.030
1.042
1.042
1.041
1.041
1.045
1.049
1.057
1.057
1.045
1.025
1.057
1.053
1.057
1.061
1.069
1.077
1.081
1.089
1.081
1.105
1.089
1.113
1.101
1.121
1.101
1.101
1.101
1.105
1.109
1.109
1.105
1.097
1.093
1.101
1.101
1.104
1.092
1.092
1.104
1.088
1.092
1.092
1.084
1.080
1.060
1.060
1.052
1.052
1.052
1.056
1.068
1.056
1.064
1.088
1.068
1.104
1.076
1.116
1.116
1.108
1.100
1.088
1.076
1.072
1.064
1.064
1.068
1.076
1.100
1.087
1.115
1.111
1.135
1.123
1.139
1.135
1.151
1.151
1.151
1.155
1.163
1.163
1.163
1.147
1.147
1.147
1.143
1.139
1.115
1.119
1.119
1.131
1.115
1.123
1.131
1.131
1.119
1.127
1.131
1.131
1.135
1.123
1.119
1.122
1.106
1.102
1.106
1.086
1.086
1.090
1.082
1.082
1.082
1.082
1.074
1.070
1.070
1.074
1.074
1.070
1.082
1.062
1.066
1.086
1.078
1.066
1.082
1.078
1.078
1.058
1.082
1.054
1.070
1.038
1.062
1.026
1.033
1.037
1.057
1.033
1.077
1.073
1.073
1.073
1.057
1.057
1.057
1.065
1.053
1.037
1.057
1.021
1.049
1.037
1.049
1.057
1.073
1.077
1.089
1.101
1.097
1.117
1.105
1.133
1.113
1.121
1.113
1.113
1.101
1.101
1.112
1.120
1.136
1.148
1.152
1.148
1.152
1.160
1.148
1.148
1.148
1.152
1.156
1.152
1.140
1.144
1.136
1.124
1.112
1.108
1.108
1.104
1.104
1.112
1.108
1.096
1.100
1.104
1.092
1.088
1.068
1.064
1.056
1.056
1.063
1.063
1.075
1.079
1.087
1.091
1.087
1.099
1.099
1.103
1.103
1.103
1.099
1.107
1.111
1.115
1.107
1.119
1.123
1.123
1.123
1.123
1.123
1.119
1.115
1.119
1.115
1.119
1.107
1.123
1.119
1.127
1.115
1.118
1.102
1.082
1.066
1.054
1.034
1.030
1.022
1.022
1.022
1.022
1.022
1.022
1.046
1.026
1.046
1.030
1.038
1.058
1.042
1.050
1.078
1.086
1.102
1.098
1.094
1.098
1.090
1.086
1.086
1.086
1.086
1.074
1.074
1.081
1.085
1.089
1.089
1.089
1.101
1.101
1.113
1.109
1.113
1.125
1.129
1.129
1.125
1.133
1.133
1.121
1.113
1.105
1.089
1.085
1.085
1.069
1.053
1.049
1.045
1.037
1.037
1.037
1.033
1.041
1.045
1.053
1.041
1.064
1.044
1.076
1.056
1.088
1.072
1.100
1.088
1.104
1.116
1.112
1.132
1.144
1.152
1.164
1.144
1.136
1.144
1.144
1.136
1.128
1.140
1.144
1.148
1.156
1.140
1.136
1.144
1.144
1.144
1.140
1.148
1.148
1.139
1.131
1.131
1.127
1.131
1.123
1.115
1.131
1.127
1.119
1.111
1.107
1.091
1.079
1.059
1.067
1.059
1.063
1.067
1.071
1.067
1.075
1.075
1.075
1.075
1.079
1.075
1.079
1.079
1.075
1.079
1.079
1.075
1.083
1.082
1.086
1.090
1.094
1.094
1.098
1.098
1.090
1.102
1.094
1.086
1.090
1.082
1.078
1.070
1.066
1.062
1.062
1.074
1.082
1.062
1.050
1.050
1.046
1.058
1.030
1.034
1.030
1.054
1.034
1.062
1.078
1.086
1.098
1.113
1.105
1.085
1.081
1.073
1.069
1.073
1.073
1.073
1.077
1.089
1.097
1.097
1.101
1.109
1.105
1.109
1.105
1.101
1.093
1.097
1.097
1.093
1.117
1.097
1.125
1.105
1.097
1.089
1.085
1.065
1.037
1.033
1.032
1.052
1.056
1.076
1.096
1.120
1.140
1.148
1.168
1.176
1.160
1.176
1.176
1.172
1.172
1.172
1.156
1.148
1.144
1.148
1.136
1.112
1.108
1.096
1.084
1.064
1.060
1.060
1.060
1.064
1.068
1.068
1.088
1.092
1.095
1.095
1.095
1.095
1.095
1.095
1.087
1.075
1.079
1.075
1.075
1.067
1.067
1.063
1.079
1.051
1.063
1.071
1.067
1.055
1.083
1.079
1.055
1.079
1.051
1.047
1.039
1.047
1.059
1.063
1.071
1.083
1.103
1.107
1.122
1.126
1.130
1.126
1.142
1.146
1.166
1.170
1.190
1.178
1.170
1.166
1.170
1.154
1.138
1.138
1.134
1.114
1.110
1.106
1.118
1.110
1.118
1.122
1.118
1.118
1.126
1.122
1.130
1.130
1.134
1.138
1.138
1.133
1.137
1.141
1.149
1.149
1.149
1.133
1.141
1.141
1.141
1.125
1.137
1.141
1.133
1.133
1.141
1.145
1.133
1.145
1.137
1.137
1.121
1.125
1.125
1.113
1.105
1.093
1.097
1.081
1.073
1.069
1.061
1.065
1.065
1.068
1.080
1.084
1.092
1.092
1.108
1.080
1.092
1.092
1.092
1.092
1.096
1.084
1.084
1.080
1.088
1.080
1.084
1.084
1.080
1.080
1.076
1.068
1.068
1.064
1.060
1.056
1.072
1.060
1.076
1.076
1.084
1.088
1.096
1.099
1.091
1.111
1.091
1.103
1.107
1.111
1.119
1.111
1.103
1.091
1.083
1.079
1.075
1.067
1.063
1.051
1.055
1.075
1.079
1.083
1.091
1.079
1.111
1.095
1.099
1.083
1.099
1.071
1.083
1.059
1.067
1.043
1.062
1.026
1.030
1.030
1.026
1.030
1.034
1.038
1.054
1.062
1.074
1.030
1.030
1.098
1.090
1.086
1.058
1.074
1.066
1.066
1.050
1.066
1.066
1.066
1.078
1.082
1.090
1.098
1.114
1.118
1.126
1.118
1.134
1.126
1.145
1.125
1.145
1.145
1.129
1.121
1.121
1.133
1.121
1.109
1.113
1.109
1.105
1.101
1.101
1.101
1.101
1.089
1.081
1.073
1.073
1.073
1.069
1.073
1.069
1.093
1.069
1.085
1.109
1.109
1.109
1.109
1.125
1.105
1.120
1.120
1.132
1.116
1.120
1.116
1.128
1.120
1.132
1.152
1.136
1.124
1.144
1.128
1.120
1.108
1.108
1.112
1.120
1.116
1.120
1.116
1.108
1.100
1.080
1.076
1.060
1.068
1.068
1.072
1.056
1.052
1.048
1.047
1.039
1.047
1.055
1.063
1.071
1.063
1.091
1.095
1.115
1.111
1.119
1.111
1.135
1.115
1.123
1.127
1.123
1.143
1.131
1.131
1.139
1.147
1.135
1.135
1.127
1.115
1.123
1.127
1.123
1.087
1.071
1.075
1.075
1.090
1.098
1.090
1.094
1.094
1.086
1.086
1.070
1.070
1.070
1.038
1.034
1.030
1.026
1.042
1.014
1.034
0.998
1.030
1.018
1.034
1.034
1.046
1.058
1.070
1.074
1.062
1.090
1.074
1.106
1.090
1.086
1.086
1.082
1.085
1.089
1.089
1.085
1.089
1.093
1.101
1.109
1.113
1.117
1.117
1.093
1.089
1.085
1.069
1.057
1.049
1.037
1.037
1.041
1.037
1.049
1.061
1.069
1.097
1.081
1.081
1.073
1.065
1.053
1.045
1.041
1.057
1.056
1.060
1.060
1.064
1.052
1.076
1.080
1.084
1.092
1.100
1.116
1.108
1.140
1.096
1.096
1.088
1.072
1.052
1.048
1.024
1.012
1.012
1.032
1.028
1.040
1.044
1.044
0.988
0.984
1.052
1.052
1.056
1.060
1.068
1.063
1.067
1.071
1.091
1.051
1.059
1.059
1.063
1.083
1.067
1.079
1.075
1.079
1.075
1.075
1.079
1.095
1.087
1.107
1.087
1.103
1.075
1.071
1.055
1.035
1.031
1.019
1.035
1.031
1.019
1.047
1.043
1.035
1.059
1.050
1.038
1.058
1.038
1.054
1.042
1.062
1.050
1.070
1.074
1.074
1.082
1.082
1.070
1.090
1.074
1.086
1.098
1.082
1.074
1.070
1.066
1.066
1.066
1.090
1.086
1.110
1.102
1.130
1.114
1.134
1.130
1.126
1.121
1.101
1.101
1.105
1.097
1.093
1.097
1.101
1.101
1.093
1.081
1.081
1.069
1.061
1.065
1.069
1.085
1.065
1.073
1.073
1.081
1.077
1.073
1.069
1.061
1.037
1.033
1.013
0.997
1.009
0.997
1.001
1.009
1.029
1.032
1.060
1.064
1.068
1.084
1.088
1.096
1.092
1.108
1.068
1.064
1.068
1.064
1.064
1.068
1.088
1.076
1.112
1.108
1.132
1.124
1.140
1.136
1.124
1.124
1.120
1.112
1.108
1.104
1.108
1.108
1.092
1.080
1.084
1.063
1.055
1.043
1.039
1.035
1.035
1.055
1.043
1.047
1.043
1.043
1.043
1.059
1.035
1.059
1.023
1.035
1.043
1.027
1.051
1.055
1.063
1.063
1.035
1.039
1.039
1.047
1.023
1.023
1.027
1.031
1.015
1.035
1.018
1.030
1.030
1.030
1.034
1.026
1.022
1.018
1.022
1.030
1.038
1.050
1.062
1.074
1.078
1.082
1.062
1.090
1.078
1.082
1.074
1.090
1.090
1.086
1.062
1.058
1.050
1.046
1.042
1.054
1.030
1.050
1.042
1.042
1.041
1.045
1.041
1.041
1.037
1.033
1.017
1.037
1.033
1.049
1.053
1.057
1.065
1.073
1.085
1.089
1.089
1.061
1.045
1.029
1.013
1.005
0.989
0.993
0.981
0.985
0.993
0.997
1.009
1.009
1.005
1.001
0.981
1.009
1.004
1.016
1.036
1.056
1.076
1.088
1.092
1.104
1.108
1.096
1.096
1.100
1.104
1.104
1.096
1.100
1.096
1.100
1.092
1.096
1.100
1.108
1.120
1.132
1.148
1.152
1.152
1.160
1.152
1.164
1.168
1.172
1.184
1.183
1.183
1.183
1.155
1.159
1.151
1.123
1.131
1.135
1.139
1.127
1.135
1.123
1.111
1.099
1.087
1.087
1.087
1.091
1.087
1.103
1.115
1.127
1.135
1.131
1.103
1.111
1.099
1.083
1.063
1.051
1.039
1.023
1.031
1.026
1.022
1.038
1.046
1.054
1.054
1.034
1.034
1.038
1.030
1.030
1.026
1.018
1.014
1.002
0.990
0.982
0.970
0.978
0.946
0.974
0.982
0.998
1.014
1.038
1.042
1.042
1.022
1.062
1.062
1.074
1.086
1.106
1.114
1.109
1.117
1.117
1.129
1.145
1.153
1.149
1.161
1.161
1.161
1.157
1.153
1.149
1.145
1.149
1.161
1.161
1.161
1.169
1.169
1.137
1.125
1.129
1.141
1.121
1.117
1.121
1.117
1.117
1.109
1.109
1.101
1.097
1.092
1.088
1.084
1.088
1.084
1.088
1.092
1.084
1.076
1.060
1.052
1.044
1.044
1.052
1.040
1.040
1.044
1.044
1.044
1.048
1.052
1.060
1.068
1.076
1.092
1.096
1.100
1.104
1.108
1.112
1.112
1.124
1.108
1.116
1.115
1.111
1.111
1.103
1.115
1.107
1.095
1.095
1.091
1.091
1.099
1.099
1.103
1.107
1.111
1.107
1.107
1.115
1.095
1.099
1.091
1.063
1.039
1.035
1.011
1.007
0.991
0.991
0.983
0.991
1.015
1.019
1.031
1.051
1.066
1.078
1.074
1.082
1.086
1.074
1.074
1.082
1.086
1.078
1.078
1.074
1.066
1.066
1.070
1.078
1.074
1.082
1.082
1.070
1.078
1.086
1.082
1.082
1.078
1.070
1.054
1.050
1.042
1.038
1.042
1.046
1.058
1.065
1.077
1.081
1.117
1.125
1.149
1.141
1.153
1.153
1.161
1.157
1.137
1.117
1.097
1.105
1.105
1.109
1.117
1.137
1.141
1.141
1.121
1.129
1.125
1.125
1.117
1.113
1.113
1.113
1.109
1.117
1.109
1.105
1.097
1.084
1.084
1.088
1.088
1.080
1.084
1.088
1.076
1.072
1.060
1.056
1.048
1.052
1.048
1.052
1.052
1.060
1.064
1.068
1.072
1.076
1.088
1.084
1.084
1.100
1.116
1.108
1.104
1.100
1.096
1.088
1.100
1.096
1.100
1.099
1.099
1.099
1.095
1.087
1.095
1.095
1.091
1.095
1.099
1.099
1.107
1.095
1.083
1.087
1.083
1.071
1.067
1.071
1.067
1.067
1.075
1.083
1.091
1.099
1.107
1.115
1.095
1.111
1.111
1.127
1.103
1.095
1.094
1.098
1.090
1.086
1.090
1.082
1.082
1.086
1.082
1.082
1.066
1.066
1.066
1.054
1.062
1.062
1.066
1.062
1.074
1.074
1.082
1.082
1.082
1.098
1.114
1.126
1.130
1.126
1.110
1.110
1.110
1.122
1.114
1.118
1.105
1.089
1.093
1.093
1.097
1.093
1.085
1.077
1.073
1.077
1.073
1.073
1.057
1.049
1.041
1.045
1.037
1.037
1.037
1.025
1.025
1.033
1.033
1.045
1.049
1.065
1.089
1.093
1.085
1.097
1.093
1.097
1.089
1.093
1.092
1.092
1.108
1.108
1.116
1.108
1.120
1.128
1.136
1.128
1.116
1.120
1.120
1.108
1.112
1.116
1.112
1.104
1.092
1.088
1.064
1.048
1.032
1.016
1.008
1.004
1.008
1.016
1.020
1.024
1.052
1.048
1.076
1.067
1.071
1.079
1.083
1.091
1.099
1.091
1.095
1.095
1.099
1.119
1.123
1.143
1.155
1.171
1.175
1.167
1.151
1.151
1.155
1.151
1.143
1.123
1.131
1.131
1.139
1.123
1.111
1.123
1.123
1.119
1.119
1.131
1.119
1.114
1.114
1.118
1.102
1.082
1.070
1.050
1.050
1.046
1.050
1.046
1.046
1.050
1.042
1.050
1.042
1.042
1.042
1.034
1.034
1.030
1.026
1.026
1.006
1.010
1.018
1.026
1.038
1.034
1.066
1.046
1.070
1.070
1.082
1.097
1.105
1.121
1.133
1.137
1.153
1.153
1.161
1.161
1.173
1.177
1.177
1.153
1.133
1.129
1.133
1.137
1.137
1.121
1.105
1.097
1.081
1.065
1.061
1.049
1.045
1.033
1.033
1.033
1.029
1.033
1.041
1.041
1.044
1.032
1.036
1.040
1.052
1.060
1.060
1.068
1.068
1.068
1.060
1.064
1.052
1.040
1.036
1.020
1.012
1.008
1.008
1.012
1.004
1.016
1.036
1.024
1.032
1.024
1.028
1.024
1.028
1.032
1.024
1.020
1.016
1.016
1.007
1.023
1.003
1.023
0.999
1.027
1.019
1.027
1.011
1.039
1.043
1.055
1.059
1.063
1.039
1.035
1.027
1.015
1.007
1.003
0.991
0.995
1.019
1.031
1.071
1.091
1.107
1.119
1.123
1.127
1.123
1.119
1.099
1.091
1.082
1.082
1.074
1.070
1.066
1.062
1.054
1.066
1.054
1.046
1.054
1.058
1.066
1.074
1.078
1.086
1.086
1.086
1.062
1.058
1.062
1.062
1.062
1.050
1.046
1.042
1.034
1.030
1.022
1.006
0.998
0.994
0.994
0.997
1.021
1.021
1.029
1.045
1.049
1.029
1.053
1.025
1.045
1.041
1.029
1.049
1.049
1.061
1.065
1.065
1.077
1.073
1.077
1.109
1.097
1.077
1.065
1.069
1.069
1.073
1.077
1.081
1.077
1.077
1.081
1.069
1.069
1.068
1.056
1.064
1.068
1.068
1.072
1.064
1.064
1.076
1.072
1.072
1.072
1.064
1.060
1.056
1.044
1.040
1.036
1.044
1.052
1.064
1.068
1.064
1.076
1.072
1.064
1.072
1.072
1.080
1.076
1.092
1.092
1.080
1.084
1.083
1.079
1.059
1.055
1.067
1.075
1.091
1.095
1.099
1.095
1.103
1.091
1.075
1.067
1.059
1.059
1.047
1.035
1.031
1.035
1.055
1.067
1.063
1.055
1.063
1.055
1.063
1.067
1.075
1.075
1.087
1.095
1.095
1.102
1.110
1.098
1.094
1.090
1.074
1.074
1.058
1.062
1.062
1.070
1.082
1.106
1.106
1.110
1.118
1.130
1.146
1.150
1.154
1.150
1.150
1.130
1.134
1.126
1.114
1.106
1.102
1.094
1.094
1.106
1.102
1.110
1.118
1.121
1.113
1.113
1.113
1.121
1.125
1.129
1.137
1.137
1.129
1.125
1.113
1.117
1.117
1.121
1.129
1.117
1.121
1.125
1.133
1.121
1.113
1.117
1.117
1.109
1.117
1.113
1.109
1.117
1.117
1.125
1.121
1.125
1.117
1.108
1.112
1.124
1.128
1.128
1.120
1.120
1.120
1.116
1.116
1.116
1.124
1.124
1.124
1.120
1.100
1.084
1.116
1.092
1.084
1.084
1.052
1.040
1.032
1.036
1.028
1.036
1.040
1.048
1.056
1.056
1.064
1.064
1.068
1.056
1.064
1.060
1.060
1.064
1.068
1.076
1.080
1.080
1.092
1.088
1.092
1.092
1.092
1.092
1.092
1.096
1.088
1.072
1.068
1.060
1.068
1.068
1.076
1.084
1.100
1.108
1.116
1.132
1.144
1.140
1.140
1.152
1.156
1.160
1.156
1.140
1.152
1.164
1.168
1.176
1.160
1.160
1.172
1.176
1.176
1.180
1.172
1.152
1.156
1.152
1.156
1.140
1.148
1.148
1.140
1.132
1.136
1.128
1.108
1.104
1.120
1.120
1.120
1.120
1.136
1.136
1.132
1.132
1.128
1.132
1.128
1.120
1.128
1.128
1.116
1.120
1.124
1.112
1.080
1.076
1.052
1.048
1.060
1.060
1.068
1.044
1.048
1.052
1.052
1.048
1.036
1.044
1.044
1.048
1.056
1.060
1.060
1.068
1.072
1.076
1.088
1.100
1.112
1.128
1.140
1.132
1.128
1.136
1.140
1.128
1.132
1.136
1.132
1.140
1.132
1.128
1.128
1.128
1.124
1.116
1.112
1.104
1.108
1.104
1.108
1.120
1.128
1.132
1.148
1.156
1.148
1.160
1.180
1.184
1.152
1.160
1.180
1.184
1.164
1.156
1.160
1.148
1.136
1.124
1.120
1.108
1.124
1.128
1.144
1.152
1.148
1.148
1.148
1.132
1.124
1.120
1.112
1.092
1.088
1.088
1.080
1.084
1.072
1.084
1.088
1.080
1.072
1.072
1.064
1.060
1.064
1.076
1.088
1.100
1.116
1.124
1.128
1.124
1.136
1.140
1.152
1.148
1.152
1.144
1.148
1.156
1.156
1.176
1.176
1.172
1.184
1.196
1.200
1.200
1.196
1.180
1.168
1.144
1.148
1.140
1.116
1.096
1.088
1.080
1.080
1.076
1.076
1.092
1.092
1.092
1.096
1.104
1.100
1.096
1.104
1.112
1.120
1.124
1.128
1.144
1.152
1.156
1.156
1.144
1.152
1.156
1.160
1.164
1.144
1.152
1.172
1.188
1.188
1.176
1.164
1.168
1.164
1.164
1.144
1.152
1.156
1.152
1.140
1.128
1.140
1.112
1.108
1.084
1.076
1.080
1.080
1.084
1.080
1.068
1.064
1.060
1.052
1.052
1.044
1.040
1.040
1.044
1.048
1.060
1.072
1.092
1.104
1.132
1.128
1.140
1.156
1.148
1.152
1.140
1.112
1.104
1.096
1.096
1.084
1.080
1.088
1.096
1.116
1.116
1.124
1.128
1.128
1.120
1.120
1.112
1.116
1.104
1.100
1.084
1.084
1.060
1.064
1.068
1.068
1.076
1.076
1.092
1.088
1.096
1.112
1.112
1.092
1.092
1.064
1.064
1.052
1.048
1.044
1.040
1.040
1.044
1.076
1.064
1.108
1.088
1.108
1.116
1.128
1.124
1.120
1.116
1.128
1.124
1.124
1.128
1.144
1.136
1.140
1.136
1.140
1.132
1.128
1.128
1.132
1.128
1.120
1.124
1.132
1.148
1.152
1.148
1.148
1.164
1.176
1.168
1.156
1.156
1.164
1.156
1.148
1.140
1.140
1.120
1.116
1.116
1.116
1.108
1.084
1.068
1.064
1.056
1.048
1.056
1.056
1.072
1.104
1.116
1.120
1.124
1.136
1.132
1.132
1.120
1.124
1.124
1.124
1.116
1.108
1.108
1.108
1.112
1.112
1.124
1.128
1.132
1.140
1.156
1.172
1.188
1.164
1.144
1.132
1.132
1.104
1.068
1.056
1.060
1.068
1.084
1.092
1.116
1.128
1.140
1.132
1.136
1.144
1.152
1.152
1.152
1.148
1.152
1.144
1.152
1.164
1.140
1.140
1.112
1.092
1.072
1.068
1.076
1.080
1.088
1.108
1.112
1.124
1.128
1.124
1.132
1.144
1.160
1.172
1.176
1.192
1.176
1.176
1.168
1.156
1.180
1.196
1.216
1.216
1.188
1.188
1.188
1.156
1.172
1.144
1.136
1.136
1.136
1.124
1.124
1.128
1.124
1.116
1.132
1.132
1.132
1.132
1.128
1.148
1.152
1.164
1.164
1.176
1.172
1.168
1.164
1.168
1.168
1.184
1.192
1.180
1.160
1.160
1.148
1.108
1.112
1.104
1.112
1.108
1.116
1.132
1.144
1.168
1.168
1.180
1.164
1.164
1.148
1.160
1.152
1.156
1.172
1.176
1.160
1.160
1.156
1.164
1.156
1.156
1.164
1.168
1.172
1.180
1.188
1.164
1.160
1.140
1.116
1.092
1.076
1.060
1.060
1.052
1.060
1.064
1.072
1.084
1.088
1.084
1.088
1.096
1.088
1.088
1.096
1.092
1.076
1.072
1.060
1.064
1.056
1.060
1.064
1.068
1.060
1.072
1.068
1.060
1.064
1.072
1.064
1.060
1.056
1.052
1.048
1.044
1.048
1.056
1.044
1.048
1.036
1.040
1.028
1.016
1.012
1.012
1.004
1.000
0.992
0.988
1.008
1.000
1.004
1.012
1.016
1.028
1.036
1.044
1.064
1.084
1.096
1.124
1.120
1.128
1.140
1.140
1.132
1.120
1.116
1.096
1.068
1.056
1.040
1.040
1.048
1.056
1.068
1.076
1.104
1.096
1.112
1.116
1.120
1.132
1.128
1.136
1.140
1.144
1.156
1.172
1.172
1.176
1.184
1.172
1.140
1.128
1.116
1.108
1.120
1.112
1.112
1.108
1.100
1.096
1.108
1.124
1.144
1.136
1.156
1.176
1.180
1.180
1.172
1.172
1.164
1.164
1.156
1.152
1.148
1.152
1.160
1.172
1.172
1.172
1.184
1.188
1.176
1.156
1.120
1.092
1.084
1.064
1.048
1.044
1.040
1.028
1.016
1.016
1.024
1.024
1.048
1.036
1.076
1.064
1.092
1.084
1.096
1.092
1.100
1.088
1.076
1.068
1.056
1.052
1.052
1.048
1.048
1.052
1.060
1.068
1.092
1.068
1.084
1.100
1.084
1.096
1.088
1.088
1.096
1.080
1.088
1.084
1.084
1.080
1.072
1.076
1.076
1.076
1.076
1.084
1.084
1.088
1.100
1.068
1.068
1.068
1.064
1.064
1.060
1.060
1.064
1.064
1.064
1.060
1.064
1.068
1.044
1.048
1.044
1.048
1.044
1.048
1.060
1.072
1.092
1.104
1.124
1.132
1.140
1.144
1.140
1.152
1.112
1.100
1.088
1.056
1.064
1.032
1.016
1.004
1.008
1.012
1.028
1.032
1.020
1.040
1.052
1.068
1.088
1.104
1.112
1.080
1.084
1.088
1.088
1.084
1.100
1.100
1.100
1.112
1.128
1.108
1.116
1.136
1.152
1.156
1.160
1.168
1.172
1.168
1.172
1.168
1.164
1.152
1.136
1.136
1.140
1.132
1.128
1.096
1.112
1.104
1.104
1.104
1.088
1.084
1.092
1.092
1.100
1.112
1.104
1.100
1.112
1.108
1.104
1.108
1.112
1.104
1.096
1.088
1.072
1.076
1.068
1.076
1.080
1.064
1.064
1.068
1.068
1.068
1.076
1.084
1.088
1.080
1.072
1.072
1.072
1.048
1.032
1.028
1.004
0.992
0.984
0.996
1.008
1.024
1.048
1.072
1.080
1.100
1.116
1.116
1.132
1.136
1.144
1.124
1.108
1.108
1.112
1.116
1.120
1.108
1.108
1.116
1.112
1.120
1.120
1.128
1.140
1.152
1.148
1.148
1.148
1.140
1.132
1.132
1.120
1.124
1.120
1.124
1.128
1.128
1.128
1.132
1.132
1.144
1.144
1.148
1.140
1.132
1.128
1.128
1.132
1.104
1.088
1.080
1.068
1.064
1.056
1.064
1.076
1.084
1.100
1.116
1.140
1.152
1.156
1.164
1.152
1.128
1.128
1.116
1.108
1.104
1.088
1.088
1.092
1.096
1.092
1.084
1.088
1.076
1.072
1.056
1.064
1.068
1.072
1.080
1.088
1.088
1.080
1.080
1.076
1.064
1.060
1.060
1.060
1.056
1.060
1.056
1.048
1.040
1.032
1.052
1.068
1.076
1.080
1.112
1.100
1.120
1.108
1.104
1.092
1.088
1.088
1.084
1.064
1.044
1.032
1.024
1.024
1.036
1.052
1.056
1.060
1.060
1.076
1.064
1.080
1.068
1.072
1.092
1.084
1.096
1.108
1.108
1.132
1.144
1.140
1.148
1.108
1.096
1.076
1.084
1.088
1.100
1.108
1.096
1.104
1.096
1.096
1.092
1.088
1.096
1.088
1.088
1.084
1.068
1.060
1.024
1.024
1.024
1.036
1.036
1.060
1.048
1.064
1.072
1.068
1.064
1.068
1.084
1.088
1.092
1.092
1.088
1.100
1.088
1.092
1.096
1.100
1.120
1.112
1.124
1.128
1.128
1.132
1.136
1.132
1.132
1.120
1.116
1.096
1.088
1.092
1.092
1.100
1.112
1.108
1.112
1.112
1.116
1.120
1.132
1.128
1.120
1.112
1.124
1.132
1.128
1.124
1.124
1.112
1.104
1.108
1.112
1.100
1.108
1.108
1.100
1.080
1.060
1.052
1.044
1.044
1.048
1.036
1.040
1.040
1.036
1.032
1.028
1.032
1.020
1.044
1.036
1.040
1.052
1.056
1.068
1.056
1.076
1.060
1.076
1.064
1.048
1.064
1.068
1.084
1.080
1.108
1.092
1.108
1.120
1.128
1.128
1.124
1.124
1.124
1.124
1.116
1.100
1.080
1.052
1.060
1.060
1.072
1.088
1.104
1.132
1.124
1.140
1.136
1.136
1.124
1.132
1.128
1.132
1.136
1.128
1.120
1.132
1.140
1.140
1.148
1.144
1.152
1.160
1.164
1.188
1.196
1.192
1.188
1.192
1.192
1.192
1.192
1.200
1.200
1.180
1.148
1.164
1.176
1.168
1.148
1.148
1.140
1.124
1.120
1.104
1.104
1.104
1.108
1.104
1.112
1.116
1.124
1.120
1.124
1.128
1.136
1.140
1.148
1.136
1.108
1.104
1.108
1.100
1.092
1.084
1.060
1.056
1.056
1.056
1.060
1.052
1.060
1.060
1.060
1.068
1.080
1.084
1.092
1.076
1.072
1.072
1.084
1.088
1.100
1.104
1.112
1.116
1.116
1.124
1.120
1.112
1.108
1.108
1.120
1.120
1.104
1.116
1.120
1.116
1.112
1.104
1.112
1.100
1.100
1.092
1.084
1.084
1.084
1.080
1.080
1.084
1.084
1.088
1.092
1.096
1.112
1.120
1.132
1.148
1.152
1.168
1.180
1.192
1.172
1.148
1.152
1.160
1.152
1.140
1.144
1.148
1.132
1.120
1.120
1.116
1.112
1.096
1.100
1.092
1.096
1.092
1.088
1.096
1.092
1.096
1.108
1.108
1.116
1.112
1.112
1.108
1.112
1.116
1.136
1.164
1.156
1.164
1.176
1.172
1.172
1.148
1.152
1.160
1.148
1.144
1.156
1.156
1.152
1.148
1.144
1.148
1.140
1.136
1.136
1.140
1.152
1.148
1.164
1.136
1.124
1.120
1.108
1.092
1.080
1.060
1.060
1.056
1.060
1.052
1.040
1.028
1.024
1.024
1.020
1.032
1.028
1.036
1.040
1.048
1.060
1.064
1.072
1.084
1.100
1.108
1.120
1.108
1.100
1.112
1.104
1.108
1.092
1.096
1.100
1.100
1.108
1.112
1.112
1.112
1.108
1.120
1.116
1.120
1.124
1.116
1.120
1.120
1.132
1.124
1.132
1.144
1.148
1.160
1.172
1.180
1.188
1.180
1.188
1.192
1.184
1.176
1.180
1.184
1.180
1.164
1.168
1.172
1.172
1.176
1.160
1.148
1.148
1.128
1.124
1.104
1.088
1.092
1.096
1.092
1.100
1.108
1.112
1.104
1.108
1.116
1.116
1.112
1.116
1.124
1.136
1.156
1.172
1.184
1.188
1.188
1.180
1.184
1.172
1.160
1.124
1.112
1.108
1.100
1.092
1.088
1.092
1.088
1.088
1.072
1.076
1.068
1.064
1.068
1.064
1.060
1.060
1.060
1.040
1.044
1.044
1.048
1.048
1.052
1.048
1.048
1.032
1.036
1.040
1.044
1.060
1.036
1.044
1.052
1.060
1.080
1.068
1.096
1.068
1.068
1.072
1.084
1.080
1.088
1.092
1.088
1.088
1.100
1.108
1.120
1.120
1.108
1.116
1.124
1.128
1.108
1.108
1.104
1.092
1.076
1.076
1.072
1.072
1.072
1.052
1.048
1.052
1.060
1.072
1.080
1.080
1.080
1.080
1.068
1.056
1.044
1.048
1.068
1.064
1.064
1.056
1.052
1.048
1.048
1.056
1.072
1.056
1.084
1.072
1.100
1.080
1.104
1.096
1.112
1.116
1.124
1.132
1.148
1.156
1.160
1.172
1.160
1.148
1.148
1.112
1.108
1.092
1.092
1.108
1.112
1.108
1.096
1.088
1.076
1.076
1.088
1.100
1.116
1.104
1.092
1.088
1.076
1.068
1.064
1.052
1.056
1.060
1.072
1.076
1.084
1.100
1.116
1.108
1.104
1.104
1.080
1.072
1.064
1.060
1.072
1.024
1.052
1.040
1.044
1.064
1.040
1.044
1.068
1.068
1.080
1.088
1.092
1.076
1.092
1.100
1.112
1.100
1.100
1.108
1.120
1.112
1.112
1.104
1.120
1.104
1.108
1.120
1.124
1.128
1.136
1.128
1.128
1.132
1.132
1.128
1.124
1.116
1.116
1.116
1.116
1.104
1.112
1.112
1.108
1.108
1.116
1.116
1.120
1.128
1.120
1.132
1.140
1.136
1.128
1.132
1.136
1.124
1.120
1.120
1.104
1.088
1.088
1.088
1.084
1.080
1.076
1.072
1.060
1.056
1.048
1.056
1.084
1.084
1.108
1.100
1.080
1.076
1.076
1.076
1.076
1.076
1.084
1.092
1.084
1.088
1.108
1.112
1.148
1.156
1.156
1.176
1.172
1.160
1.108
1.104
1.100
1.092
1.088
1.088
1.084
1.092
1.092
1.088
1.092
1.100
1.112
1.112
1.120
1.136
1.144
1.148
1.140
1.140
1.144
1.132
1.132
1.140
1.124
1.120
1.124
1.120
1.120
1.120
1.124
1.124
1.128
1.144
1.140
1.152
1.148
1.144
1.152
1.132
1.136
1.132
1.128
1.128
1.112
1.116
1.104
1.100
1.096
1.100
1.104
1.116
1.112
1.120
1.120
1.124
1.132
1.128
1.136
1.144
1.152
1.152
1.152
1.144
1.148
1.144
1.132
1.120
1.124
1.140
1.140
1.152
1.168
1.180
1.160
1.152
1.148
1.140
1.132
1.120
1.116
1.120
1.116
1.112
1.120
1.116
1.124
1.128
1.144
1.144
1.144
1.152
1.148
1.152
1.120
1.116
1.108
1.104
1.112
1.108
1.108
1.116
1.144
1.124
1.128
1.136
1.148
1.160
1.164
1.176
1.172
1.172
1.172
1.156
1.148
1.152
1.152
1.168
1.176
1.176
1.172
1.172
1.188
1.192
1.180
1.152
1.156
1.152
1.164
1.160
1.160
1.156
1.164
1.164
1.176
1.172
1.176
1.188
1.160
1.136
1.128
1.124
1.116
1.116
1.108
1.112
1.128
1.120
1.112
1.120
1.120
1.112
1.104
1.112
1.112
1.108
1.112
1.116
1.124
1.128
1.136
1.140
1.128
1.120
1.096
1.092
1.092
1.096
1.104
1.104
1.092
1.084
1.080
1.072
1.076
1.072
1.068
1.068
1.076
1.084
1.104
1.108
1.112
1.104
1.116
1.124
1.140
1.144
1.128
1.132
1.132
1.128
1.124
1.112
1.116
1.116
1.104
1.112
1.100
1.096
1.100
1.104
1.096
1.092
1.092
1.104
1.096
1.108
1.080
1.072
1.072
1.060
1.064
1.068
1.072
1.076
1.092
1.104
1.092
1.100
1.108
1.108
1.100
1.100
1.120
1.136
1.136
1.120
1.120
1.124
1.128
1.124
1.120
1.128
1.120
1.128
1.112
1.112
1.120
1.124
1.128
1.124
1.116
1.116
1.128
1.112
1.124
1.124
1.128
1.108
1.084
1.072
1.060
1.048
1.048
1.048
1.048
1.056
1.056
1.072
1.088
1.080
1.096
1.104
1.120
1.128
1.144
1.148
1.152
1.156
1.144
1.144
1.136
1.140
1.148
1.140
1.156
1.136
1.116
1.112
1.120
1.124
1.120
1.108
1.112
1.108
1.116
1.132
1.136
1.144
1.160
1.152
1.160
1.156
1.152
1.152
1.152
1.156
1.160
1.156
1.156
1.136
1.120
1.128
1.140
1.124
1.112
1.124
1.128
1.128
1.128
1.140
1.136
1.128
1.132
1.112
1.104
1.100
1.096
1.100
1.104
1.080
1.076
1.076
1.076
1.080
1.072
1.072
1.064
1.056
1.068
1.080
1.080
1.088
1.096
1.096
1.080
1.080
1.084
1.092
1.096
1.104
1.104
1.100
1.100
1.104
1.108
1.096
1.084
1.072
1.052
1.032
1.028
1.024
1.016
1.008
0.984
0.980
0.976
0.988
0.968
0.988
0.972
1.000
1.004
1.020
1.044
1.068
1.104
1.128
1.160
1.160
1.168
1.160
1.148
1.168
1.152
1.136
1.120
1.112
1.116
1.124
1.132
1.128
1.132
1.132
1.132
1.152
1.148
1.152
1.152
1.136
1.144
1.144
1.136
1.132
1.124
1.140
1.144
1.152
1.160
1.164
1.160
1.156
1.148
1.132
1.132
1.128
1.140
1.132
1.112
1.096
1.096
1.088
1.084
1.092
1.088
1.088
1.100
1.100
1.092
1.096
1.108
1.112
1.124
1.128
1.144
1.140
1.136
1.144
1.144
1.112
1.088
1.076
1.064
1.060
1.060
1.072
1.084
1.096
1.116
1.136
1.140
1.128
1.140
1.152
1.128
1.112
1.108
1.100
1.104
1.116
1.112
1.088
1.088
1.088
1.100
1.104
1.104
1.112
1.120
1.132
1.140
1.140
1.140
1.140
1.136
1.144
1.136
1.128
1.128
1.128
1.124
1.124
1.116
1.120
1.120
1.132
1.136
1.156
1.128
1.120
1.112
1.116
1.108
1.112
1.112
1.112
1.124
1.132
1.152
1.160
1.184
1.188
1.164
1.140
1.144
1.128
1.112
1.112
1.120
1.120
1.116
1.132
1.140
1.140
1.136
1.136
1.140
1.144
1.160
1.152
1.132
1.140
1.132
1.132
1.128
1.120
1.124
1.132
1.136
1.136
1.136
1.096
1.088
1.084
1.084
1.092
1.076
1.076
1.080
1.088
1.084
1.072
1.084
1.088
1.104
1.108
1.116
1.096
1.100
1.096
1.108
1.104
1.152
1.136
1.120
1.128
1.132
1.128
1.144
1.136
1.148
1.136
1.144
1.140
1.144
1.144
1.136
1.120
1.116
1.136
1.128
1.112
1.124
1.116
1.108
1.092
1.096
1.092
1.072
1.068
1.080
1.084
1.100
1.108
1.108
1.100
1.092
1.092
1.096
1.088
1.092
1.080
1.076
1.064
1.064
1.064
1.076
1.088
1.092
1.080
1.072
1.068
1.064
1.080
1.100
1.108
1.132
1.132
1.152
1.144
1.140
1.140
1.140
1.124
1.120
1.108
1.088
1.064
1.036
1.040
1.040
1.048
1.068
1.080
1.092
1.092
1.108
1.116
1.112
1.120
1.120
1.124
1.132
1.132
1.128
1.148
1.152
1.148
1.140
1.128
1.144
1.152
1.160
1.172
1.188
1.196
1.200
1.164
1.160
1.160
1.160
1.160
1.160
1.136
1.124
1.104
1.100
1.104
1.104
1.116
1.124
1.124
1.136
1.160
1.148
1.144
1.124
1.116
1.116
1.112
1.112
1.124
1.140
1.132
1.136
1.136
1.148
1.152
1.164
1.136
1.132
1.132
1.128
1.136
1.144
1.148
1.136
1.124
1.108
1.088
1.088
1.088
1.092
1.108
1.128
1.108
1.128
1.136
1.140
1.132
1.128
1.140
1.132
1.152
1.116
1.092
1.080
1.088
1.092
1.108
1.096
1.104
1.112
1.108
1.116
1.120
1.140
1.128
1.108
1.100
1.100
1.100
1.096
1.096
1.104
1.108
1.112
1.120
1.088
1.076
1.072
1.060
1.068
1.076
1.088
1.084
1.096
1.096
1.100
1.104
1.104
1.112
1.104
1.096
1.096
1.104
1.108
1.112
1.120
1.124
1.132
1.152
1.136
1.136
1.136
1.160
1.160
1.172
1.160
1.160
1.172
1.176
1.176
1.156
1.148
1.156
1.132
1.128
1.132
1.128
1.124
1.132
1.132
1.124
1.132
1.136
1.152
1.156
1.148
1.136
1.132
1.148
1.140
1.140
1.156
1.148
1.160
1.160
1.124
1.108
1.096
1.096
1.108
1.132
1.144
1.144
1.180
1.160
1.144
1.148
1.148
1.160
1.140
1.124
1.124
1.128
1.136
1.140
1.144
1.116
1.112
1.120
1.120
1.100
1.092
1.088
1.100
1.108
1.112
1.104
1.116
1.132
1.140
1.144
1.164
1.136
1.132
1.128
1.132
1.136
1.140
1.140
1.124
1.136
1.144
1.156
1.148
1.132
1.120
1.128
1.128
1.136
1.112
1.112
1.120
1.124
1.104
1.120
1.108
1.112
1.112
1.120
1.148
1.140
1.140
1.136
1.104
1.080
1.084
1.060
1.028
1.016
0.992
0.984
0.972
0.960
0.952
0.944
0.936
0.932
0.932
0.940
0.944
0.948
0.960
0.968
0.980
0.988
1.012
0.988
1.044
1.008
1.056
1.052
1.088
1.096
1.112
1.124
1.136
1.144
1.128
1.096
