0.794
0.802
0.810
0.813
0.777
0.813
0.837
0.825
0.769
0.781
0.805
0.817
0.785
0.813
0.821
0.797
0.805
0.837
0.873
0.805
0.817
0.853
0.813
0.789
0.809
0.909
0.901
0.805
0.809
0.845
0.833
0.804
0.836
0.880
0.840
0.804
0.832
0.860
0.900
0.848
0.868
0.860
0.828
0.812
0.788
0.856
0.904
0.880
0.800
0.772
0.764
0.740
0.740
0.760
0.712
0.696
0.704
0.708
0.759
0.867
0.823
0.763
0.803
0.867
0.855
0.791
0.815
0.811
0.823
0.827
0.831
0.863
0.819
0.803
0.887
0.879
0.835
0.847
0.927
0.927
0.843
0.859
0.867
0.823
0.787
0.763
0.814
0.942
0.882
0.810
0.862
0.886
0.902
0.790
0.790
0.818
0.910
0.834
0.770
0.766
0.834
0.930
0.826
0.766
0.806
0.862
0.838
0.786
0.750
0.746
0.826
0.938
0.862
0.794
0.745
0.713
0.729
1.105
0.953
0.889
0.853
0.881
0.849
0.849
0.781
0.809
0.773
0.757
0.773
0.805
0.921
0.829
0.769
0.805
0.973
0.865
0.809
0.801
0.841
0.873
0.817
0.793
0.856
0.932
0.828
0.796
0.852
0.908
0.804
0.768
0.836
0.932
0.836
0.760
0.732
0.796
1.140
0.964
0.872
0.788
0.772
0.820
0.908
0.828
0.888
0.808
0.796
0.980
0.956
0.880
0.883
0.895
0.851
0.847
0.827
0.791
0.827
0.839
0.835
0.803
0.719
0.711
0.715
1.051
0.895
0.843
0.791
0.823
0.843
0.851
0.815
0.763
0.763
0.823
0.871
0.803
0.831
0.851
0.830
0.810
0.810
0.834
0.794
0.754
0.750
0.790
0.830
0.846
0.798
0.786
0.806
0.794
0.782
0.798
0.802
0.798
0.798
0.766
0.730
0.726
0.762
0.850
0.822
0.766
0.758
0.798
0.834
0.773
0.777
0.789
0.797
0.777
0.769
0.789
0.933
0.881
0.797
0.741
0.765
0.805
0.825
0.777
0.765
0.817
0.989
0.917
0.801
0.793
0.853
0.853
0.805
0.765
0.729
0.757
0.957
0.872
0.768
0.744
0.820
0.940
0.896
0.792
0.740
0.772
0.872
0.804
0.760
0.736
0.720
0.816
0.984
0.872
0.828
0.760
0.732
0.756
0.876
0.856
0.792
0.744
0.740
0.808
0.852
0.860
0.795
0.751
0.783
0.823
0.807
0.747
0.783
0.811
0.827
0.747
0.723
0.767
0.875
0.843
0.771
0.755
0.839
0.899
0.807
0.791
0.767
0.835
0.879
0.779
0.735
0.747
0.811
0.871
0.806
0.794
0.810
0.830
0.806
0.766
0.746
0.822
0.862
0.794
0.766
0.806
0.810
0.794
0.762
0.810
0.846
0.862
0.810
0.786
0.786
0.834
0.874
0.798
0.770
0.794
0.814
0.830
0.798
0.757
0.737
0.797
1.021
0.933
0.825
0.821
0.769
0.761
0.789
0.833
0.785
0.769
0.833
0.905
0.865
0.841
0.837
0.797
0.753
0.721
0.769
1.037
0.809
0.741
0.725
0.689
0.669
0.673
0.660
0.664
0.740
1.092
0.944
0.868
0.752
0.696
0.664
0.668
0.728
1.012
0.780
0.732
0.776
1.008
0.888
0.792
0.816
1.016
0.956
0.828
0.780
0.836
0.964
0.836
0.768
0.732
0.736
1.112
0.947
0.843
0.787
0.783
0.887
0.903
0.791
0.743
0.719
0.707
0.799
1.103
0.919
0.883
0.827
0.755
0.731
0.755
0.955
0.919
0.795
0.759
0.771
0.899
0.951
0.939
0.899
0.811
0.747
0.730
0.770
0.994
0.886
0.782
0.822
0.878
0.798
0.762
0.790
0.866
0.866
0.786
0.782
0.854
0.874
0.810
0.774
0.870
0.914
0.806
0.766
0.766
0.886
0.934
0.826
0.782
0.850
0.930
0.850
0.785
0.825
0.885
0.825
0.769
0.769
0.841
0.869
0.785
0.761
0.809
0.977
0.857
0.777
0.765
0.837
0.893
0.797
0.765
0.773
0.929
0.921
0.805
0.765
0.769
0.889
0.909
0.785
0.749
0.712
0.740
0.876
0.852
0.864
0.784
0.764
0.812
0.916
0.832
0.780
0.748
0.808
0.920
0.816
0.752
0.744
0.800
0.928
0.812
0.784
0.828
0.836
0.780
0.740
0.800
1.068
0.896
0.816
0.756
0.819
0.863
0.831
0.771
0.739
0.791
1.035
0.839
0.787
0.767
0.863
0.947
0.807
0.767
0.763
0.811
0.895
0.815
0.791
0.795
0.911
0.887
0.807
0.771
0.743
0.779
0.891
0.931
0.843
0.803
0.762
0.754
0.770
0.910
0.962
0.830
0.766
0.790
0.842
0.870
0.782
0.738
0.734
0.802
0.914
0.838
0.766
0.842
0.850
0.834
0.766
0.726
0.750
0.774
0.846
0.830
0.830
0.774
0.734
0.746
0.777
0.837
0.761
0.741
0.785
0.825
0.865
0.813
0.773
0.753
0.757
0.825
0.841
0.845
0.797
0.781
0.753
0.729
0.717
0.765
0.901
0.857
0.765
0.749
0.765
0.833
0.869
0.789
0.809
0.853
0.893
0.840
0.816
0.820
0.764
0.784
0.848
0.836
0.812
0.896
0.884
0.800
0.796
0.844
0.856
0.792
0.768
0.824
0.840
0.840
0.784
0.824
0.816
0.784
0.748
0.788
0.772
0.792
0.756
0.764
0.768
0.807
0.783
0.815
0.759
0.735
0.703
0.687
0.683
0.803
0.947
0.743
0.719
0.763
0.819
0.787
0.747
0.747
0.919
0.895
0.779
0.767
0.879
0.919
0.839
0.767
0.787
0.807
0.867
0.831
0.771
0.831
0.782
0.770
0.786
0.802
0.826
0.834
0.770
0.750
0.782
0.798
0.802
0.766
0.726
0.722
0.754
0.794
0.790
0.738
0.734
0.782
0.782
0.774
0.730
0.770
0.778
0.754
0.742
0.778
0.786
0.822
0.786
0.753
0.725
0.745
0.757
0.765
0.745
0.777
0.773
0.785
0.757
0.725
0.705
0.749
0.801
0.821
0.749
0.757
0.789
0.737
0.729
0.761
0.781
0.757
0.757
0.781
0.789
0.781
0.789
0.741
0.721
0.745
0.752
0.748
0.724
0.784
0.816
0.788
0.768
0.804
0.816
0.772
0.752
0.792
0.816
0.836
0.792
0.856
0.764
0.764
0.784
0.776
0.748
0.792
0.784
0.804
0.752
0.760
0.780
0.808
0.756
0.780
0.812
0.791
0.755
0.795
0.815
0.811
0.751
0.723
0.763
0.767
0.775
0.763
0.839
0.803
0.783
0.783
0.847
0.871
0.795
0.775
0.803
0.811
0.795
0.767
0.811
0.855
0.831
0.771
0.775
0.803
0.827
0.811
0.858
0.938
0.794
0.794
0.902
0.862
0.786
0.758
0.906
0.950
0.822
0.770
0.794
0.754
0.750
0.778
0.818
0.786
0.758
0.762
0.822
0.886
0.794
0.762
0.798
0.850
0.826
0.826
0.794
0.754
0.726
0.726
0.801
0.965
0.885
0.873
0.809
0.741
0.721
0.773
0.845
0.773
0.765
0.797
0.809
0.829
0.797
0.749
0.741
0.777
0.825
0.829
0.785
0.841
0.845
0.865
0.833
0.785
0.805
0.837
0.857
0.781
0.773
0.813
0.844
0.852
0.780
0.804
0.796
0.792
0.816
0.748
0.744
0.712
0.724
0.924
0.892
0.852
0.808
0.752
0.736
0.772
0.788
0.808
0.828
0.772
0.764
0.760
0.796
0.796
0.804
0.804
0.784
0.780
0.740
0.724
0.787
0.871
0.815
0.791
0.823
0.827
0.823
0.755
0.723
0.735
0.771
0.775
0.771
0.831
0.923
0.839
0.811
0.815
0.815
0.779
0.779
0.799
0.847
0.815
0.751
0.751
0.811
0.891
0.847
0.767
0.747
0.763
0.786
0.834
0.790
0.750
0.722
0.758
0.814
0.814
0.766
0.794
0.806
0.782
0.770
0.806
0.882
0.878
0.838
0.870
0.826
0.790
0.802
0.850
0.798
0.814
0.846
0.814
0.770
0.786
0.826
0.794
0.778
0.806
0.785
0.757
0.761
0.805
0.861
0.821
0.753
0.773
0.781
0.797
0.769
0.777
0.809
0.885
0.825
0.789
0.765
0.749
0.721
0.697
0.725
0.877
0.969
0.881
0.777
0.729
0.737
0.789
0.873
0.769
0.765
0.817
0.813
0.776
0.768
0.788
0.852
0.824
0.772
0.736
0.748
0.832
0.944
0.876
0.796
0.744
0.748
0.772
0.788
0.776
0.744
0.728
0.768
1.020
0.872
0.768
0.760
0.780
0.776
0.756
0.760
0.780
0.760
0.752
0.788
0.784
0.807
0.755
0.739
0.739
0.767
0.791
0.751
0.787
0.759
0.727
0.739
0.799
0.843
0.771
0.763
0.807
0.839
0.787
0.815
0.859
0.831
0.759
0.803
0.807
0.787
0.743
0.775
0.835
0.895
0.815
0.763
0.819
0.859
0.886
0.782
0.774
0.798
0.822
0.770
0.718
0.690
0.730
1.206
0.990
0.874
0.750
0.774
0.910
0.918
0.846
0.902
0.854
0.790
0.826
0.938
0.810
0.790
0.886
0.902
0.798
0.742
0.798
0.910
0.886
0.806
0.886
0.929
0.901
0.825
0.869
0.917
0.909
0.841
0.825
0.933
0.929
0.805
0.781
0.897
0.965
0.849
0.789
0.853
0.897
0.845
0.805
0.753
0.717
0.745
1.101
0.945
0.913
0.857
0.833
0.749
0.697
0.669
0.661
0.661
0.720
0.840
0.764
0.736
0.748
0.800
0.716
0.676
0.664
0.656
0.672
0.772
0.860
0.816
0.808
0.736
0.764
0.700
0.688
0.720
0.716
0.736
0.984
0.884
0.796
0.836
0.820
0.792
0.736
0.716
0.764
0.820
0.740
0.736
0.763
0.843
0.887
0.863
0.763
0.751
0.735
0.691
0.659
0.647
0.651
0.711
1.131
0.995
0.979
0.927
0.799
0.807
0.875
0.851
0.799
0.871
1.051
0.839
0.767
0.803
0.911
0.851
0.775
0.807
0.859
0.895
0.799
0.803
0.850
0.934
0.890
0.814
0.810
0.806
0.766
0.838
1.010
0.958
0.906
0.814
0.734
0.770
1.090
0.926
0.898
0.878
0.866
0.886
0.846
0.778
0.802
0.854
0.918
0.838
0.830
0.770
0.734
0.730
0.774
0.946
0.902
0.874
0.757
0.753
0.765
0.861
0.785
0.753
0.797
0.941
0.893
0.841
0.777
0.745
0.725
0.793
0.969
0.817
0.741
0.741
0.757
0.833
0.813
0.753
0.781
0.821
0.821
0.801
0.841
0.853
0.773
0.817
0.865
0.821
0.749
0.729
0.752
0.804
0.908
0.788
0.816
0.816
0.748
0.748
0.776
0.844
0.796
0.744
0.720
0.732
0.784
0.836
0.752
0.772
0.784
0.812
0.776
0.732
0.732
0.768
0.832
0.820
0.776
0.780
0.776
0.776
0.740
0.732
0.704
0.748
0.860
0.883
0.847
0.799
0.779
0.775
0.787
0.775
0.759
0.839
0.883
0.835
0.771
0.807
0.831
0.839
0.743
0.691
0.723
0.911
0.859
0.787
0.807
0.887
0.771
0.735
0.775
0.811
0.795
0.763
0.791
0.839
0.863
0.759
0.767
0.783
0.770
0.730
0.758
0.802
0.794
0.754
0.730
0.806
0.926
0.830
0.790
0.794
0.818
0.794
0.778
0.750
0.774
0.810
0.786
0.818
0.846
0.778
0.782
0.822
0.826
0.742
0.802
0.814
0.770
0.806
0.794
0.774
0.746
0.774
0.810
0.861
0.829
0.857
0.813
0.781
0.845
0.845
0.789
0.765
0.797
0.821
0.777
0.789
0.837
0.801
0.753
0.785
0.825
0.797
0.733
0.725
0.757
0.989
0.773
0.725
0.769
0.849
0.801
0.781
0.765
0.757
0.797
0.877
0.829
0.749
0.800
0.844
0.884
0.760
0.784
0.828
0.780
0.740
0.788
0.876
0.784
0.752
0.764
0.848
0.800
0.748
0.776
0.836
0.932
0.796
0.772
0.796
0.792
0.744
0.760
0.776
0.772
0.720
0.728
0.744
0.732
0.720
0.768
0.816
0.828
0.760
0.795
0.831
0.763
0.771
0.775
0.787
0.743
0.703
0.747
0.887
0.931
0.811
0.831
0.811
0.747
0.763
0.839
0.835
0.763
0.771
0.775
0.783
0.755
0.763
0.811
0.839
0.771
0.767
0.787
0.831
0.811
0.735
0.731
0.775
0.871
0.787
0.710
0.698
0.730
0.702
0.670
0.678
0.678
0.742
0.878
0.874
0.782
0.770
0.786
0.734
0.686
0.662
0.658
0.758
1.142
0.994
0.938
0.818
0.738
0.774
1.098
0.798
0.750
0.810
0.914
0.798
0.750
0.818
0.954
0.914
0.846
0.858
0.825
0.789
0.757
0.793
0.809
0.793
0.817
0.781
0.721
0.753
0.841
0.885
0.785
0.809
0.825
0.825
0.801
0.733
0.745
0.829
0.845
0.773
0.725
0.781
0.845
0.769
0.733
0.769
0.769
0.757
0.797
0.841
0.777
0.721
0.741
0.805
0.793
0.736
0.768
0.844
0.780
0.744
0.760
0.852
0.768
0.756
0.816
0.896
0.816
0.824
0.828
0.776
0.748
0.748
0.900
0.960
0.928
0.848
0.840
0.852
0.844
0.796
0.728
0.780
0.904
0.896
0.876
0.908
0.916
0.784
0.728
0.756
0.836
0.783
0.787
0.855
0.855
0.775
0.803
0.871
0.779
0.779
0.787
0.835
0.799
0.851
0.807
0.815
0.907
0.963
0.907
0.887
0.803
0.755
0.803
0.835
0.863
0.799
0.803
0.891
0.875
0.867
0.799
0.827
0.875
0.895
0.795
0.767
0.799
0.855
0.823
0.762
0.782
0.822
0.898
0.822
0.794
0.838
0.846
0.758
0.742
0.774
0.838
0.798
0.750
0.714
0.790
0.970
0.790
0.746
0.758
0.794
0.774
0.774
0.806
0.754
0.750
0.762
0.770
0.746
0.762
0.766
0.770
0.758
0.738
0.762
0.774
0.742
0.729
0.801
0.837
0.821
0.765
0.781
0.797
0.817
0.733
0.741
0.817
0.877
0.777
0.781
0.797
0.777
0.745
0.753
0.785
0.837
0.773
0.757
0.817
0.821
0.789
0.781
0.781
0.813
0.777
0.825
0.877
0.857
0.781
0.801
0.801
0.777
0.745
0.781
0.816
0.828
0.744
0.692
0.708
0.888
0.872
0.784
0.792
0.856
0.780
0.724
0.732
0.784
0.868
0.808
0.792
0.804
0.808
0.772
0.808
0.856
0.836
0.812
0.820
0.804
0.784
0.840
0.880
0.780
0.764
0.784
0.836
0.756
0.736
0.760
0.776
0.780
0.751
0.783
0.827
0.819
0.771
0.807
0.863
0.807
0.771
0.763
0.803
0.803
0.747
0.755
0.755
0.771
0.723
0.679
0.683
0.751
0.855
0.767
0.783
0.807
0.815
0.763
0.763
0.771
0.747
0.731
0.763
0.759
0.763
0.739
0.715
0.767
0.847
0.775
0.758
0.786
0.818
0.750
0.762
0.782
0.822
0.746
0.766
0.802
0.826
0.774
0.790
0.834
0.834
0.782
0.770
0.794
0.794
0.742
0.746
0.774
0.938
0.782
0.738
0.770
0.898
0.798
0.754
0.786
0.834
0.854
0.762
0.738
0.790
0.842
0.782
0.734
0.774
0.837
0.865
0.773
0.761
0.821
0.833
0.773
0.721
0.753
1.073
0.913
0.797
0.733
0.781
0.893
0.805
0.765
0.909
1.009
0.873
0.761
0.821
0.909
0.793
0.753
0.789
0.917
0.793
0.765
0.913
0.865
0.781
0.825
0.881
0.777
0.801
0.805
0.797
0.737
0.772
0.840
0.784
0.784
0.768
0.760
0.780
0.804
0.708
0.672
0.676
0.768
0.812
0.784
0.832
0.820
0.768
0.764
0.800
0.768
0.756
0.788
0.792
0.748
0.764
0.776
0.756
0.716
0.704
0.736
0.776
0.724
0.744
0.764
0.764
0.716
0.656
0.632
0.636
0.739
0.895
0.699
0.659
0.667
0.647
0.663
0.707
0.711
0.679
0.723
0.783
0.731
0.699
0.711
0.679
0.675
0.687
0.715
0.695
0.687
0.699
0.707
0.691
0.695
0.707
0.715
0.695
0.675
0.715
0.799
0.739
0.711
0.735
0.767
0.759
0.711
0.747
0.787
0.735
0.674
0.686
0.706
0.806
0.806
0.762
0.718
0.734
0.742
0.778
0.698
0.666
0.658
0.654
0.714
0.998
0.802
0.730
0.806
0.838
0.782
0.742
0.854
0.922
0.794
0.722
0.714
0.690
0.650
0.662
0.678
0.814
0.894
0.894
0.874
0.810
0.778
0.846
0.894
0.878
0.769
0.709
0.745
0.901
0.793
0.809
0.881
0.801
0.757
0.793
0.841
0.793
0.765
0.849
0.857
0.757
0.733
0.813
0.925
0.833
0.761
0.805
0.889
0.885
0.845
0.753
0.789
0.865
0.805
0.741
0.809
0.993
0.897
0.769
0.777
0.849
0.941
0.829
0.873
0.881
0.793
0.812
0.804
0.768
0.736
0.804
1.012
0.784
0.748
0.836
0.868
0.784
0.828
0.860
0.820
0.756
0.784
0.868
0.868
0.772
0.836
0.820
0.756
0.788
0.876
0.876
0.768
0.780
0.812
0.808
0.772
0.896
0.944
0.840
0.808
0.816
0.788
0.728
0.724
0.760
0.804
0.772
0.795
0.839
0.827
0.771
0.747
0.799
0.815
0.755
0.763
0.791
0.799
0.747
0.727
0.791
1.039
0.863
0.743
0.847
1.039
0.899
0.839
0.999
0.935
0.799
0.859
0.987
0.839
0.771
1.115
0.983
0.855
0.907
0.851
0.907
0.767
0.727
0.827
1.067
0.839
0.827
0.819
0.774
0.734
0.770
0.842
0.826
0.814
0.930
0.926
0.854
0.898
0.874
0.806
0.886
1.014
0.914
0.838
0.918
0.974
0.894
0.866
0.906
0.854
0.778
0.738
1.166
0.962
0.866
0.890
0.878
0.818
0.754
0.794
0.954
0.826
0.746
0.786
0.934
0.866
0.778
0.794
0.934
0.802
0.725
0.745
0.841
0.877
0.757
0.797
0.929
0.865
0.745
0.705
0.669
0.697
1.029
0.781
0.849
0.885
0.769
0.769
0.813
0.821
0.765
0.857
0.985
0.869
0.801
0.817
0.885
0.809
0.845
0.893
0.821
0.769
0.773
0.785
0.777
0.721
0.749
0.873
0.793
0.793
0.797
0.785
0.701
0.692
0.788
0.940
0.756
0.756
0.776
0.716
0.688
0.736
0.784
0.744
0.768
0.800
0.844
0.788
0.832
0.884
0.780
0.824
0.896
0.876
0.844
0.832
0.816
0.760
0.772
0.828
0.840
0.756
0.712
0.764
0.956
0.820
0.800
0.820
0.836
0.780
0.788
0.796
0.776
0.748
0.780
0.831
0.811
0.783
0.795
0.823
0.743
0.703
0.763
0.803
0.787
0.719
0.735
0.751
0.755
0.711
0.767
0.811
0.779
0.759
0.795
0.763
0.691
0.659
0.659
1.107
0.967
0.891
0.791
0.731
0.791
1.003
0.847
0.779
0.867
0.879
0.791
0.711
0.755
1.115
0.915
0.819
0.811
0.971
0.863
0.786
0.834
0.938
0.830
0.746
0.778
0.970
0.850
0.830
0.858
0.850
0.770
0.794
0.882
0.826
0.746
0.790
0.894
0.818
0.742
0.834
0.970
0.898
0.790
0.790
0.762
0.714
0.670
0.638
0.626
0.614
0.650
1.110
0.910
0.834
0.766
0.838
0.894
0.870
0.774
0.794
0.866
0.894
0.845
0.841
0.901
0.877
0.825
0.829
0.809
0.813
0.797
0.873
0.917
0.769
0.861
0.945
0.849
0.833
0.865
0.865
0.769
0.789
0.873
0.861
0.769
0.861
0.933
0.833
0.857
0.905
0.837
0.793
0.841
0.881
0.781
0.809
0.869
0.817
0.761
0.873
0.997
0.885
0.841
0.893
0.885
0.809
0.773
0.860
0.924
0.784
0.776
0.832
0.864
0.816
0.888
0.948
0.900
0.792
0.808
0.848
0.888
0.808
0.832
0.844
0.744
0.728
0.844
0.924
0.768
0.752
0.816
0.960
0.792
0.768
0.800
0.852
0.784
0.804
0.876
0.852
0.748
0.736
0.780
0.916
0.804
0.820
0.832
0.772
0.708
0.724
0.800
0.796
0.755
0.815
0.895
0.783
0.799
0.799
0.799
0.755
0.835
0.839
0.787
0.723
0.683
0.719
1.127
0.923
0.811
0.903
0.963
0.831
0.767
0.811
0.943
0.827
0.799
0.847
0.819
0.751
0.759
1.087
0.903
0.811
0.775
0.779
0.767
0.723
0.775
0.879
0.907
0.835
0.879
0.807
0.791
0.847
0.959
0.846
0.842
0.810
0.806
0.754
0.802
0.862
0.826
0.758
0.810
0.954
0.814
0.814
0.990
0.962
0.838
0.894
0.986
0.846
0.802
0.910
1.018
0.870
0.806
0.866
0.850
0.762
0.814
1.118
0.866
0.790
0.794
0.814
0.774
0.842
0.874
0.806
0.754
0.810
0.850
0.798
0.714
0.770
0.826
0.786
0.730
0.801
0.805
0.741
0.701
0.749
0.805
0.781
0.701
0.721
0.737
0.709
0.693
0.717
0.749
0.781
0.773
0.789
0.873
0.801
0.745
0.733
0.685
0.653
0.629
0.613
0.629
1.041
0.761
0.793
0.729
0.681
0.657
0.661
1.145
0.973
0.921
0.901
0.781
0.809
0.849
0.813
0.753
0.765
0.985
0.913
0.845
0.752
0.860
0.968
0.768
0.784
0.816
0.844
0.912
0.804
0.760
0.784
0.912
0.780
0.856
0.912
0.824
0.760
0.808
0.864
0.844
0.764
0.792
0.860
0.840
0.744
0.772
0.860
0.840
0.764
0.812
0.868
0.840
0.764
0.792
0.820
0.844
0.796
0.780
0.796
0.752
0.680
0.680
0.852
1.112
0.876
0.788
0.876
0.923
0.799
0.803
0.887
0.807
0.787
0.883
0.883
0.771
0.767
0.963
0.851
0.767
0.731
0.883
0.907
0.831
0.823
0.895
0.875
0.819
0.871
0.919
0.871
0.831
0.867
0.835
0.763
0.847
0.871
0.783
0.771
0.859
0.887
0.787
0.887
0.915
0.903
0.783
0.883
0.903
0.867
0.795
0.827
0.803
0.747
0.711
0.687
1.254
0.978
0.886
0.806
0.898
0.986
0.926
0.830
0.818
0.910
0.906
0.938
0.858
0.794
0.898
0.966
0.826
0.790
0.938
1.002
0.862
0.922
0.962
0.946
0.910
0.858
0.790
0.870
0.994
0.878
0.874
0.930
0.890
0.782
0.822
0.914
0.890
0.802
0.834
0.902
0.814
0.750
0.818
0.878
0.882
0.774
0.726
0.802
0.874
0.805
0.765
0.801
0.849
0.773
0.769
0.801
0.825
0.769
0.725
0.745
0.809
0.845
0.761
0.769
0.817
0.861
0.745
0.733
0.785
0.801
0.729
0.769
0.869
0.833
0.777
0.865
0.873
0.801
0.829
0.889
0.801
0.777
0.821
0.841
0.769
0.813
0.881
0.873
0.773
0.825
0.857
0.821
0.785
0.865
0.817
0.789
0.809
1.033
0.912
0.804
0.820
0.880
0.792
0.780
0.832
0.916
0.804
0.736
0.816
1.040
0.872
0.856
0.928
0.812
0.744
0.768
0.756
0.780
0.736
0.676
0.688
0.676
0.696
0.792
0.884
0.740
0.744
0.752
0.752
0.728
0.796
0.864
0.760
0.820
0.848
0.804
0.768
0.844
0.896
0.844
0.804
0.900
0.844
0.776
0.796
0.780
0.728
0.736
0.707
0.687
0.691
0.711
0.659
0.647
0.687
0.835
0.899
0.751
0.835
0.911
0.747
0.735
0.771
0.927
0.843
0.899
0.859
0.795
0.795
0.963
0.927
0.831
0.995
0.955
0.807
0.835
0.935
0.879
0.815
0.911
0.939
0.811
0.807
0.859
0.803
0.763
0.847
0.863
0.791
0.839
0.923
0.863
0.759
0.791
1.055
0.911
0.787
0.875
0.914
0.822
0.802
0.878
0.910
0.810
0.782
0.858
0.874
0.794
0.830
0.874
0.774
0.722
0.770
0.946
0.806
0.734
0.770
0.842
0.766
0.718
0.746
0.870
0.790
0.738
0.770
0.846
0.806
0.726
0.774
0.806
0.758
0.762
0.822
0.874
0.770
0.778
0.890
0.834
0.738
0.758
0.798
0.814
0.750
0.746
0.850
0.814
0.738
0.774
0.790
0.766
0.777
0.821
0.869
0.769
0.749
0.717
0.729
0.717
0.729
0.705
0.673
0.665
0.665
0.645
0.709
0.749
0.689
0.685
0.709
0.753
0.729
0.753
0.797
0.781
0.729
0.741
0.769
0.745
0.713
0.733
0.813
0.781
0.717
0.733
0.789
0.805
0.745
0.781
0.841
0.781
0.717
0.737
0.825
0.825
0.745
0.797
0.861
0.769
0.761
0.781
0.801
0.737
0.788
0.844
0.808
0.820
0.896
0.832
0.732
0.752
0.808
0.888
0.804
0.916
0.980
0.832
0.860
0.876
0.772
0.820
0.992
0.928
0.796
0.988
0.996
0.884
0.904
0.968
0.880
0.924
0.952
0.812
0.864
0.972
0.868
0.880
0.968
0.840
0.844
0.956
0.904
0.808
0.872
0.928
0.836
0.772
0.896
0.956
0.836
0.760
0.824
0.832
0.768
0.816
0.908
0.791
0.735
0.799
0.919
0.815
0.759
0.843
0.887
0.799
0.795
0.899
0.883
0.759
0.759
0.827
0.827
0.727
0.743
0.847
0.767
0.699
0.683
0.667
0.683
0.727
0.663
0.627
0.639
0.639
0.675
0.675
0.679
0.719
0.711
0.699
0.679
0.715
0.779
0.783
0.707
0.731
0.811
0.915
0.799
0.795
0.831
0.811
0.747
0.747
1.051
0.835
0.735
0.827
0.967
0.842
0.818
1.022
0.938
0.822
0.766
0.838
0.822
0.758
0.886
0.930
0.802
0.742
0.846
0.926
0.766
0.722
0.790
0.930
0.842
0.834
0.942
0.942
0.786
0.810
0.874
0.806
0.766
0.854
0.934
0.818
0.766
0.838
0.886
0.778
0.774
0.858
0.886
0.774
0.802
0.854
0.818
0.754
0.842
0.874
0.798
0.750
0.790
0.826
0.850
0.738
0.742
0.802
0.818
0.738
0.713
0.777
0.889
0.781
0.781
0.917
0.877
0.825
0.845
0.909
0.857
0.817
0.841
0.845
0.757
0.693
0.733
1.085
0.889
0.805
0.829
0.817
0.777
0.709
0.737
0.801
0.873
0.765
0.809
0.965
0.829
0.737
0.765
0.821
0.789
0.749
0.749
0.777
0.757
0.717
0.749
0.773
0.797
0.737
0.713
0.725
0.765
0.725
0.693
0.745
0.853
0.801
0.741
0.809
0.897
0.781
0.764
0.824
0.832
0.768
0.784
0.832
0.796
0.748
0.772
0.844
0.884
0.772
0.716
0.856
1.048
0.872
0.816
0.876
0.836
0.764
0.824
0.912
0.804
0.788
0.876
0.852
0.796
0.720
0.768
1.008
0.916
0.784
0.788
0.832
0.784
0.848
0.920
0.796
0.816
0.912
0.888
0.772
0.808
0.852
0.836
0.764
0.836
0.960
0.792
0.752
0.788
0.856
0.792
0.832
0.820
0.840
0.780
0.807
0.807
0.775
0.735
0.755
0.815
0.823
0.747
0.779
0.807
0.759
0.735
0.815
0.851
0.779
0.771
0.851
0.847
0.783
0.779
0.799
0.735
0.711
0.755
0.863
0.747
0.703
0.751
0.951
0.811
0.815
0.935
0.839
0.791
0.795
0.831
0.827
0.743
0.775
0.879
0.811
0.719
0.655
0.655
0.723
1.107
0.919
0.767
0.703
0.791
0.899
0.795
0.731
0.751
0.811
0.783
0.747
0.783
0.842
0.838
0.786
0.778
0.818
0.834
0.782
0.770
0.830
0.734
0.690
0.670
0.654
0.698
0.738
0.718
0.802
0.906
0.826
0.738
0.750
0.814
0.794
0.730
0.794
0.770
0.742
0.786
0.842
0.754
0.738
0.798
0.882
0.818
0.766
0.818
0.862
0.774
0.822
0.846
0.874
0.790
0.766
0.810
0.810
0.754
0.774
0.826
0.890
0.798
0.818
0.846
0.810
0.782
0.838
0.878
0.830
0.870
0.842
0.834
0.769
0.761
0.873
0.933
0.853
0.789
0.841
0.821
0.773
0.765
0.849
0.929
0.781
0.773
0.869
0.881
0.793
0.805
0.989
0.945
0.829
0.881
0.901
0.793
0.737
0.773
0.929
0.821
0.725
0.705
0.789
1.049
0.813
0.801
0.913
0.869
0.761
0.785
0.801
0.829
0.813
0.757
0.841
0.881
0.769
0.769
0.961
0.897
0.785
0.825
0.901
0.829
0.765
0.857
0.845
0.813
0.825
0.933
0.841
0.765
0.829
0.868
0.772
0.740
0.804
0.844
0.804
0.708
0.816
0.928
0.796
0.772
0.916
0.828
0.756
0.772
0.808
0.816
0.772
0.836
0.888
0.792
0.764
0.820
0.892
0.812
0.776
0.840
0.876
0.772
0.800
0.912
0.880
0.784
0.740
0.808
0.852
0.752
0.708
0.780
0.924
0.816
0.748
0.804
0.764
0.720
0.676
0.732
0.968
0.804
0.744
0.868
0.944
0.856
0.796
0.828
0.816
0.768
0.748
0.796
0.828
0.776
0.776
0.811
0.867
0.803
0.731
0.743
0.795
0.819
0.759
0.743
0.783
0.883
0.827
0.739
0.763
0.827
0.791
0.775
0.787
0.759
0.703
0.779
0.887
0.795
0.787
0.827
0.775
0.711
0.699
0.735
0.863
0.763
0.743
0.775
0.843
0.771
0.767
0.847
0.823
0.807
0.751
0.775
0.803
0.735
0.711
0.787
0.915
0.755
0.783
0.875
0.839
0.767
0.811
0.835
0.751
0.739
0.783
0.875
0.791
0.827
0.827
0.751
0.699
0.699
0.803
0.914
0.806
0.838
0.862
0.786
0.742
0.794
0.826
0.766
0.738
0.782
0.878
0.818
0.818
0.826
0.782
0.722
0.766
0.850
0.814
0.738
0.702
0.750
0.850
0.790
0.722
0.758
0.842
0.818
0.730
0.690
0.726
0.766
0.746
0.722
0.778
0.878
0.778
0.762
0.766
0.738
0.690
0.718
0.802
0.830
0.750
0.750
0.806
0.854
0.738
0.670
0.686
0.822
0.834
0.730
0.750
0.790
0.826
0.722
0.686
0.738
0.870
0.786
0.694
0.678
0.717
0.745
0.741
0.673
0.693
0.853
0.869
0.745
0.737
0.777
0.825
0.757
0.769
0.817
0.917
0.861
0.745
0.753
0.777
0.753
0.765
0.869
0.945
0.801
0.709
0.701
0.845
0.885
0.757
0.781
0.809
0.897
0.817
0.733
0.749
0.781
0.817
0.761
0.761
0.833
0.781
0.781
0.837
0.893
0.749
0.761
0.885
0.893
0.785
0.809
0.813
0.757
0.737
0.845
0.825
0.785
0.805
0.917
0.873
0.757
0.777
0.785
0.757
0.717
0.821
1.105
0.969
0.764
0.688
0.740
0.924
0.792
0.816
1.032
0.824
0.816
0.904
0.848
0.780
0.892
0.908
0.812
0.792
0.896
0.904
0.796
0.856
0.976
0.864
0.836
0.884
0.860
0.752
0.764
0.868
1.080
0.836
0.796
0.868
0.880
0.776
0.776
0.852
0.844
0.756
0.760
0.908
0.904
0.776
0.796
0.828
0.772
0.764
0.812
0.796
0.788
0.828
0.804
0.800
0.816
0.888
0.880
0.784
0.752
0.876
0.900
0.812
0.764
0.860
0.872
0.784
0.784
0.868
0.804
0.748
0.768
0.835
0.767
0.711
0.715
0.755
0.819
0.751
0.695
0.747
0.899
0.795
0.767
0.843
0.851
0.787
0.711
0.731
0.779
0.775
0.755
0.819
0.855
0.767
0.663
0.675
1.119
0.867
0.871
0.971
0.799
0.747
0.795
0.819
0.751
0.779
0.883
0.935
0.795
0.739
0.751
0.903
0.863
0.779
0.811
0.807
0.727
0.671
0.635
0.635
1.251
0.915
0.823
0.759
0.743
0.807
0.819
0.755
0.779
0.827
0.787
0.743
0.731
0.751
0.711
0.675
0.639
0.631
0.691
0.647
0.623
0.615
0.610
0.622
0.682
0.734
0.686
0.722
0.758
0.786
0.710
0.694
0.742
0.774
0.794
0.714
0.702
0.718
0.722
0.702
0.666
0.630
0.646
0.846
0.938
0.846
0.718
0.674
0.722
0.886
0.762
0.682
0.722
0.742
0.678
0.646
0.626
0.674
0.906
0.770
0.654
0.630
0.694
0.774
0.786
0.718
0.758
0.758
0.722
0.686
0.670
0.642
0.618
0.606
0.606
0.614
0.626
0.674
0.638
0.638
0.638
0.674
0.654
0.646
0.654
0.662
0.658
0.630
0.638
0.634
0.634
0.630
0.626
0.626
0.646
0.693
0.701
0.669
0.673
0.705
0.757
0.705
0.669
0.669
0.693
0.709
0.669
0.677
0.701
0.741
0.681
0.685
0.733
0.689
0.653
0.653
0.657
0.709
0.717
0.669
0.661
0.641
0.613
0.597
0.601
0.613
0.661
0.633
0.637
0.717
0.893
0.785
0.705
0.753
0.813
0.753
0.705
0.813
0.969
0.869
0.745
0.729
0.761
0.921
0.785
0.749
0.849
0.977
0.809
0.893
0.977
0.753
0.713
0.705
0.713
0.693
0.689
0.769
0.897
0.765
0.725
0.757
0.809
0.821
0.737
0.745
0.813
0.913
0.861
0.757
0.769
0.844
0.744
0.692
0.744
1.080
0.876
0.796
0.800
0.772
0.744
0.740
0.776
0.808
0.748
0.716
0.668
0.660
0.644
0.616
0.620
0.636
0.700
0.708
0.692
0.740
0.848
0.780
0.688
0.724
0.856
0.844
0.772
0.764
0.800
0.864
0.792
0.740
0.776
0.820
0.740
0.780
1.088
0.924
0.804
0.792
0.760
0.788
0.732
0.788
1.076
0.900
0.804
0.792
0.828
0.764
0.736
0.860
0.932
0.764
0.732
0.832
0.984
0.800
0.868
0.896
0.840
0.780
0.792
0.856
0.776
0.752
0.904
0.932
0.768
0.796
0.852
0.840
0.752
0.831
0.883
0.823
0.747
0.783
0.855
0.779
0.775
0.875
0.867
0.783
0.803
0.819
0.823
0.775
0.707
0.727
0.831
0.863
0.735
0.779
0.847
0.855
0.791
0.799
0.787
0.787
0.719
0.739
0.847
0.919
0.819
0.727
0.751
0.827
0.743
0.723
0.787
0.839
0.787
0.735
0.751
0.823
0.815
0.823
0.831
0.855
0.815
0.783
0.815
0.863
0.771
0.695
0.675
0.719
1.091
0.871
0.867
0.927
0.907
0.871
0.759
0.735
0.735
0.859
0.807
0.827
0.963
0.895
0.807
0.795
0.859
0.879
0.791
0.883
0.903
0.855
0.731
0.775
0.879
0.867
0.791
0.894
0.898
0.794
0.726
0.850
0.986
0.814
0.798
0.870
0.766
0.774
0.838
0.866
0.774
0.782
0.774
0.706
0.706
0.742
0.986
0.766
0.778
0.962
0.850
0.726
0.714
0.770
0.778
0.698
0.754
1.066
0.966
0.850
0.850
0.826
0.730
0.762
1.110
0.854
0.862
0.938
0.890
0.790
0.822
0.830
0.782
0.734
0.782
0.846
0.758
0.666
0.674
1.190
0.942
0.850
0.838
0.798
0.742
0.734
0.746
0.854
0.790
0.826
0.854
0.802
0.742
0.666
0.638
0.642
0.626
0.650
0.686
0.646
0.606
0.618
0.602
0.610
0.630
0.618
0.590
0.578
0.658
1.058
0.910
0.874
0.793
0.697
0.717
0.765
0.813
0.745
0.813
1.013
0.877
0.809
0.833
0.809
0.969
0.845
0.817
0.785
0.773
0.933
0.981
0.825
0.885
0.869
0.821
0.761
0.777
0.845
0.853
0.741
0.785
0.801
0.813
0.789
0.829
0.849
0.769
0.761
0.817
0.797
0.749
0.737
0.813
0.861
0.749
0.769
0.841
0.881
0.761
0.793
0.897
0.877
0.793
0.837
0.877
0.773
0.785
0.937
0.901
0.737
0.741
0.773
0.837
0.781
0.797
0.889
0.901
0.805
0.829
0.841
0.769
0.757
0.949
0.993
0.845
0.873
0.889
0.793
0.761
0.849
1.049
0.857
0.905
0.905
0.845
0.869
0.865
0.813
0.849
0.953
0.797
0.820
0.828
0.848
0.752
0.816
0.856
0.776
0.764
0.852
0.824
0.744
0.720
0.744
0.804
0.804
0.732
0.732
0.784
0.936
0.840
0.800
0.836
0.824
0.732
0.704
0.776
0.940
0.792
0.756
0.836
0.952
0.768
0.776
0.916
0.884
0.748
0.756
0.848
0.852
0.784
0.800
0.856
0.848
0.784
0.952
0.920
0.800
0.820
0.888
0.828
0.768
0.852
0.844
0.792
0.764
0.776
0.708
0.652
0.632
0.652
0.776
1.084
0.836
0.864
0.912
0.820
0.724
0.764
0.912
0.764
0.708
0.752
0.852
0.772
0.772
0.896
0.884
0.756
0.852
0.924
0.788
0.744
0.792
0.944
0.832
0.792
0.776
0.744
0.788
1.104
0.912
0.848
0.916
0.923
0.843
0.863
0.887
0.843
0.855
0.871
0.903
0.795
0.807
0.999
0.939
0.839
0.875
0.871
0.795
0.831
0.867
0.835
0.775
0.851
0.927
0.823
0.847
0.851
0.791
0.743
0.767
0.839
0.791
0.755
0.807
0.843
0.787
0.731
0.751
0.803
0.879
0.767
0.811
0.835
0.779
0.719
0.743
0.987
0.839
0.763
0.775
1.067
0.819
0.751
0.815
0.951
0.807
0.843
1.007
0.955
0.891
0.891
0.843
0.719
0.715
0.775
0.855
0.799
0.827
0.951
0.783
0.799
0.919
0.835
0.739
0.751
0.791
0.787
0.767
0.791
0.819
0.723
0.679
0.691
0.799
0.803
0.727
0.775
0.919
0.755
0.719
0.735
0.835
0.831
0.743
0.751
0.779
0.759
0.743
0.779
0.863
0.775
0.754
0.798
0.770
0.722
0.722
0.782
0.862
0.774
0.734
0.758
0.786
0.746
0.726
0.750
0.882
0.890
0.766
0.758
0.818
0.718
0.670
0.650
0.698
0.830
0.798
0.766
0.850
0.910
0.858
0.814
0.734
0.722
0.758
1.022
0.790
0.730
0.806
0.862
0.714
0.666
0.662
0.830
1.038
0.798
0.722
0.710
0.746
0.722
0.742
1.034
0.794
0.690
0.674
0.826
0.770
0.678
0.706
0.734
0.702
0.738
0.782
0.698
0.674
0.646
0.658
0.698
0.698
0.774
0.846
0.786
0.742
0.778
0.798
0.754
0.706
0.754
0.798
0.770
0.730
0.694
0.802
0.946
0.754
0.698
0.806
1.054
0.794
0.694
0.690
1.150
0.926
0.818
0.734
0.754
1.150
0.898
0.782
0.826
0.834
0.786
0.850
0.918
0.774
0.830
0.886
0.873
0.753
0.769
0.917
0.933
0.797
0.817
0.897
0.785
0.773
1.117
0.809
0.773
0.845
0.961
0.889
0.901
0.849
0.709
0.669
0.773
1.205
0.909
0.785
0.929
0.965
0.849
0.853
0.889
0.833
0.805
0.753
0.709
0.765
0.901
0.797
0.701
0.893
1.105
0.921
0.821
0.809
0.809
0.793
0.709
0.677
0.717
0.861
0.857
0.761
0.825
0.885
0.797
0.737
0.749
0.769
0.809
0.733
0.761
0.801
0.789
0.741
0.793
0.913
0.885
0.817
0.757
0.785
0.809
0.813
0.789
0.845
1.001
0.865
0.773
0.765
0.857
0.801
0.753
0.817
0.829
0.805
0.757
0.797
0.841
0.797
0.733
0.741
0.805
0.869
0.737
0.681
0.757
1.097
0.825
0.713
0.737
0.809
0.797
0.737
0.789
1.109
0.809
0.693
0.649
0.645
0.681
0.741
0.745
0.729
0.665
0.645
0.665
0.720
1.020
0.844
0.808
0.956
0.892
0.784
0.808
0.868
0.856
0.768
0.764
1.096
0.904
0.812
0.816
0.976
0.948
0.908
0.936
0.972
0.912
0.912
0.868
0.832
0.868
0.968
0.932
0.852
0.848
0.756
0.788
0.992
0.824
0.732
0.772
0.844
0.748
0.744
0.920
0.868
0.748
0.800
0.808
0.728
0.684
0.700
0.768
0.728
0.708
0.760
0.828
0.776
0.716
0.784
0.964
0.804
0.772
0.800
0.812
0.668
0.656
0.680
0.760
0.824
0.812
0.812
0.768
0.700
0.748
1.032
0.892
0.844
0.828
0.752
0.712
0.720
0.768
0.736
0.736
0.808
0.896
0.784
0.804
0.832
0.796
0.716
0.720
0.744
0.764
0.720
0.712
0.732
0.808
0.736
0.720
0.756
0.808
0.728
0.684
0.724
0.872
0.872
0.820
0.800
0.772
0.728
0.788
0.948
0.856
0.744
0.768
0.844
0.832
0.756
0.944
0.908
0.808
0.772
0.832
0.796
0.736
0.696
0.779
1.079
0.823
0.875
0.991
0.831
0.775
0.839
0.971
0.903
0.923
0.803
0.751
0.835
1.123
0.827
0.835
0.863
0.815
0.851
1.059
0.931
0.847
0.879
0.883
0.755
0.743
0.795
0.951
0.819
0.883
0.971
0.847
0.827
0.919
0.811
0.727
0.739
0.763
0.763
0.747
0.987
0.971
0.787
0.731
0.795
0.867
0.811
0.827
0.867
0.775
0.771
0.803
0.795
0.771
0.755
0.859
0.859
0.763
0.827
0.887
0.743
0.743
0.763
0.795
0.759
0.763
1.095
0.895
0.807
0.843
0.831
0.747
0.727
0.811
0.923
0.759
0.771
0.883
0.775
0.775
0.787
0.771
0.715
0.751
0.783
0.811
0.711
0.743
0.795
0.811
0.735
0.767
0.779
0.739
0.775
0.755
0.759
0.747
0.867
0.863
0.775
0.867
0.939
0.831
0.735
0.739
0.843
0.743
0.723
0.791
0.963
0.767
0.731
0.759
0.879
0.803
0.819
0.907
0.803
0.755
0.911
0.859
0.791
0.783
0.907
0.907
0.831
0.975
0.947
0.807
0.867
0.927
0.807
0.751
0.807
0.946
0.790
0.786
0.854
0.826
0.770
0.838
0.902
0.766
0.778
0.846
0.910
0.770
0.798
0.942
0.806
0.746
0.822
0.994
0.794
0.754
0.822
0.790
0.746
0.786
0.834
0.742
0.754
0.970
0.942
0.790
0.750
0.854
1.002
0.798
0.770
0.946
0.838
0.742
0.790
0.838
0.838
0.734
0.782
0.830
0.770
0.774
0.818
0.814
0.754
0.690
0.762
0.974
0.782
0.710
0.786
0.770
0.702
0.654
0.638
0.630
0.738
0.882
0.698
0.666
0.718
0.686
0.646
0.626
0.666
1.058
0.834
0.718
0.714
0.766
0.834
0.742
0.698
0.774
0.898
0.854
0.754
0.786
0.838
0.782
0.738
0.790
0.890
0.834
0.786
0.742
0.750
0.798
0.742
0.670
0.674
1.222
0.942
0.814
0.722
0.806
0.914
0.778
0.738
0.854
0.934
0.774
0.698
0.710
0.742
1.010
0.798
0.826
0.938
0.906
0.866
0.854
0.806
0.834
0.846
0.858
0.810
0.802
0.770
0.826
0.882
0.818
0.738
0.722
0.846
0.930
0.830
0.774
0.774
0.810
0.746
0.794
0.838
0.794
0.798
0.874
0.854
0.786
0.802
0.798
0.806
0.770
0.790
0.934
0.866
0.754
0.702
0.746
1.126
0.901
0.801
0.829
0.765
0.781
0.869
0.825
0.713
0.741
0.861
0.865
0.777
0.849
0.865
0.821
0.741
0.797
0.885
0.769
0.745
1.021
0.881
0.761
0.777
0.893
0.853
0.741
0.765
0.833
0.853
0.829
0.849
0.901
0.773
0.737
0.781
0.985
0.889
0.777
0.737
0.925
0.985
0.805
0.845
0.913
0.853
0.777
0.733
0.873
0.945
0.769
0.769
0.937
0.801
0.737
0.801
0.817
0.761
0.737
0.825
0.913
0.765
0.729
0.825
0.925
0.757
0.753
0.797
0.829
0.745
0.705
0.757
0.913
0.777
0.761
0.985
0.937
0.833
0.885
0.929
0.905
0.809
0.825
0.885
0.817
0.813
1.145
0.937
0.829
0.797
0.857
0.809
0.757
0.961
0.937
0.793
0.761
0.705
0.665
0.653
0.693
1.041
0.769
0.801
0.797
0.773
0.761
0.809
0.801
0.725
0.753
0.793
0.769
0.745
0.785
0.797
0.769
0.773
0.809
0.821
0.781
0.841
0.905
0.821
0.749
0.753
0.745
0.713
0.657
0.625
0.637
0.693
0.641
0.665
0.653
0.633
0.633
0.669
0.729
0.753
0.689
0.649
0.677
0.717
0.725
0.705
0.713
0.733
0.693
0.641
0.597
0.597
0.613
0.593
0.573
0.569
0.585
0.777
0.645
0.781
0.961
0.957
0.885
0.865
0.937
0.821
0.729
0.857
1.021
0.817
0.789
0.953
0.853
0.773
0.845
0.917
0.745
0.777
0.817
0.733
0.725
0.785
1.048
0.828
0.728
0.764
0.864
0.856
0.740
0.728
0.892
1.028
0.904
0.872
0.832
0.836
0.868
0.828
0.780
0.800
0.820
0.824
0.840
0.956
0.920
0.852
0.740
0.764
0.808
0.952
0.772
0.720
0.792
1.152
0.884
0.788
0.832
0.864
0.792
0.828
0.868
0.828
0.792
0.760
0.764
0.732
0.800
0.904
0.856
0.788
0.808
0.852
0.812
0.792
0.808
0.844
0.808
0.732
0.776
0.796
0.716
0.676
0.652
0.660
1.084
0.844
0.744
0.680
0.640
0.624
0.660
0.668
0.664
0.888
0.968
0.820
0.704
0.740
0.808
0.772
0.676
0.652
0.660
0.860
0.924
0.716
0.684
0.672
0.728
0.704
0.680
0.676
0.660
0.720
0.784
0.724
0.716
0.712
0.728
0.696
0.700
0.732
0.780
0.744
0.796
0.880
0.884
0.780
0.796
0.796
0.796
0.804
0.820
0.792
0.824
0.888
0.884
0.876
0.864
0.828
0.768
0.824
0.832
0.776
0.768
0.876
0.940
0.840
0.752
0.768
0.824
0.824
0.724
0.876
1.044
0.804
0.724
0.776
1.096
0.852
0.776
0.856
0.948
0.852
0.724
0.708
0.728
1.028
0.768
0.812
0.980
0.884
0.796
0.848
0.892
0.824
0.800
0.824
0.788
0.748
0.812
0.864
0.816
0.768
0.744
0.748
0.856
0.812
0.772
0.868
0.968
0.840
0.812
0.816
0.780
0.736
0.800
0.964
0.848
0.748
0.720
0.744
0.940
0.792
0.768
0.860
0.896
0.904
0.924
0.724
0.712
0.740
0.836
0.748
0.720
1.156
0.972
0.844
0.904
0.908
0.848
0.852
0.888
0.868
0.728
0.756
0.908
0.796
0.728
0.760
0.836
0.908
0.816
0.980
0.952
0.820
0.924
0.868
0.792
0.804
0.844
0.808
0.764
0.800
0.880
0.868
0.808
0.964
0.864
0.752
0.692
0.680
0.840
1.108
0.800
0.872
0.932
0.788
0.843
0.815
0.759
0.731
0.759
0.803
0.775
0.779
0.891
0.839
0.903
0.999
0.879
0.743
0.731
0.775
0.879
0.835
0.915
0.947
0.883
0.891
0.883
0.827
0.843
1.099
0.915
0.811
0.715
0.679
0.719
1.215
0.863
0.759
0.819
0.879
0.739
0.823
0.963
0.847
0.935
0.875
0.795
0.839
0.803
0.779
0.707
0.735
1.175
0.875
0.811
0.895
0.855
0.779
0.931
0.963
0.823
0.811
0.887
0.779
0.767
0.899
0.867
0.795
0.803
0.783
0.759
0.815
0.751
0.671
0.675
0.691
0.687
0.647
0.603
0.587
0.607
0.627
0.935
0.779
0.671
0.651
0.687
0.751
0.715
0.743
0.871
0.743
0.671
0.707
1.111
0.879
0.723
0.723
0.903
0.859
0.799
0.911
0.927
0.863
0.859
0.791
0.827
0.847
1.055
0.899
0.747
0.735
0.787
1.103
0.971
0.995
0.927
0.879
0.927
0.951
0.895
0.879
0.835
0.767
0.707
0.703
0.759
1.131
0.859
0.819
0.943
0.779
0.743
0.743
0.727
0.695
0.651
0.663
0.627
0.643
0.647
0.651
0.671
0.675
0.707
0.691
0.663
0.667
0.659
0.639
0.619
0.599
0.631
1.055
0.839
0.779
0.723
0.739
0.831
0.771
0.879
0.791
0.703
0.671
0.715
1.179
0.947
0.863
0.823
0.863
0.779
0.731
0.883
1.007
0.879
0.839
0.875
0.851
0.763
0.819
0.815
0.795
0.819
0.823
0.771
0.839
0.867
0.847
0.791
0.819
0.827
0.803
0.763
0.855
0.851
0.795
0.811
0.927
0.807
0.739
0.787
0.867
0.783
0.807
0.863
0.851
0.767
0.735
0.819
0.839
0.771
0.795
0.819
0.843
0.779
0.815
0.895
0.767
0.727
0.887
0.871
0.759
0.723
0.811
1.047
0.799
0.871
0.987
0.851
0.759
0.715
0.715
0.783
0.943
0.831
0.903
0.959
0.843
0.779
0.867
0.879
0.735
0.643
0.611
0.627
1.355
1.051
1.007
0.755
0.683
0.735
1.143
0.863
0.695
0.715
1.107
0.827
0.755
0.943
0.959
0.931
0.895
0.843
0.795
0.815
0.791
0.755
0.771
0.847
0.855
0.879
0.811
0.743
0.939
0.767
0.691
0.715
0.831
0.883
0.783
0.827
0.875
0.775
0.819
0.943
0.871
0.831
0.879
0.883
0.883
0.771
0.715
0.763
1.091
0.875
0.863
0.863
0.799
0.763
0.783
0.879
0.935
0.815
0.883
1.015
0.879
0.759
0.791
0.815
0.847
0.771
0.739
1.163
0.891
0.787
0.839
0.995
0.795
0.763
0.723
0.739
0.723
0.719
0.719
0.707
0.639
0.635
0.627
0.647
0.699
0.639
0.639
0.675
0.743
0.671
0.639
0.643
0.643
0.651
0.643
0.639
0.635
0.639
0.655
0.715
0.687
0.655
0.643
0.675
0.779
0.783
0.747
0.687
0.695
0.707
0.711
0.711
0.715
0.755
0.767
0.711
0.771
0.859
0.831
0.731
0.731
0.743
0.755
0.703
0.723
0.771
0.743
0.687
0.715
0.723
0.719
0.671
0.679
0.771
0.735
0.703
0.835
0.899
0.803
0.707
0.759
0.915
0.935
0.767
0.711
0.759
0.915
0.835
0.911
0.959
0.847
0.703
0.639
0.631
0.679
1.111
0.779
0.843
1.067
0.955
0.963
0.999
0.951
0.851
0.871
0.907
0.875
0.775
0.747
0.855
0.931
0.851
0.967
0.935
0.899
0.767
0.743
0.763
0.771
0.751
0.843
1.199
0.967
0.887
0.915
0.875
0.763
0.863
0.867
0.895
0.875
0.947
0.819
0.767
0.787
1.171
1.023
0.899
0.767
0.687
0.719
1.175
0.935
0.895
1.055
0.955
0.967
0.943
0.847
0.871
0.907
0.911
0.851
0.807
0.927
0.931
0.807
0.847
0.999
0.779
0.739
0.911
0.839
0.735
0.775
0.783
0.707
0.683
0.739
0.851
0.731
0.663
0.631
0.611
0.643
1.158
0.966
0.918
0.798
0.930
1.006
0.934
0.902
0.874
0.882
0.858
0.806
0.758
0.762
0.706
0.702
0.766
0.862
0.898
0.818
1.006
0.990
0.986
0.854
0.754
0.714
0.770
0.986
0.866
0.810
0.774
0.858
0.974
0.918
0.850
0.714
0.726
0.814
1.090
0.854
0.954
1.026
0.918
0.914
0.930
0.842
0.702
0.650
0.654
0.790
0.714
1.118
0.778
0.854
0.970
0.874
1.038
0.894
0.846
0.950
0.998
0.766
0.750
0.806
0.970
0.810
0.822
0.910
0.850
0.954
0.866
0.790
0.710
0.774
1.130
0.890
0.846
0.906
0.962
0.838
0.870
0.798
0.758
0.762
1.170
1.002
0.834
0.722
0.718
0.790
0.806
0.698
0.646
0.658
0.798
0.662
0.642
0.662
0.698
0.742
0.710
0.682
0.698
0.658
0.670
0.666
0.690
0.690
0.662
0.674
0.698
0.738
0.710
0.658
0.674
0.682
0.678
0.654
0.630
0.638
0.666
0.670
0.646
0.690
1.098
0.862
0.814
0.802
0.802
0.734
0.766
0.806
0.782
0.722
0.762
0.826
0.814
0.794
0.894
0.846
0.802
0.790
0.770
0.778
0.694
0.666
0.670
0.706
0.706
0.738
0.806
0.802
0.718
0.750
0.770
0.754
0.702
0.722
0.726
0.778
0.742
0.762
0.806
0.730
0.682
0.698
0.690
0.674
0.670
0.690
0.658
0.670
0.682
0.698
0.686
0.682
0.710
0.698
0.662
0.674
0.698
0.762
0.706
0.730
0.814
0.774
0.714
0.770
0.770
0.802
0.734
0.782
0.774
0.758
0.726
0.814
0.906
0.834
0.730
0.750
0.766
0.774
0.786
0.894
0.954
0.802
0.738
0.754
0.818
0.758
0.770
1.038
0.874
0.766
0.794
0.894
0.802
0.798
1.070
0.878
0.858
0.910
0.894
0.822
0.878
0.875
0.791
0.763
1.043
0.851
0.755
0.811
0.951
0.811
0.751
0.859
0.947
0.859
0.759
0.763
0.815
0.739
0.723
0.875
0.939
0.743
0.671
0.659
0.731
0.867
0.715
0.759
1.099
0.839
0.735
1.027
0.887
0.779
0.751
0.795
0.775
0.727
0.783
1.079
0.747
0.683
0.735
1.091
0.703
0.639
0.627
0.711
0.843
0.875
0.707
0.687
0.791
0.739
0.739
0.903
0.867
0.815
0.791
0.711
0.723
0.715
0.719
0.723
0.703
0.707
0.719
0.791
0.775
0.815
0.775
0.759
0.783
0.791
0.755
0.715
0.707
0.703
0.743
0.811
0.787
0.839
0.883
0.875
0.735
0.663
0.639
0.659
1.075
0.759
0.791
0.975
0.955
0.891
0.787
0.755
0.735
0.735
0.711
0.723
0.719
0.711
0.787
0.819
0.707
0.671
0.659
0.683
0.683
0.655
0.687
0.787
0.903
0.743
0.799
0.855
0.867
0.763
0.823
0.831
0.747
0.751
0.779
0.803
0.735
0.747
0.783
0.855
0.807
0.715
0.715
0.739
0.751
0.751
0.719
0.747
0.867
0.863
0.787
0.727
0.751
0.799
0.759
0.711
0.731
0.787
0.839
0.711
0.667
0.687
0.731
0.751
0.735
0.803
0.899
0.939
0.775
0.735
0.751
0.867
0.799
0.811
0.923
0.815
0.711
0.743
0.827
0.903
0.823
0.751
0.823
0.935
0.899
0.859
0.887
0.959
0.863
0.839
0.907
0.883
0.767
0.783
0.871
0.931
0.811
0.807
0.795
0.843
0.771
0.731
0.735
0.843
0.879
0.771
0.807
0.875
0.887
0.799
0.815
0.799
0.831
0.747
0.679
0.683
0.803
1.047
0.815
0.839
1.043
0.811
0.819
0.911
0.811
0.719
0.787
0.883
0.831
0.819
0.967
0.963
0.791
0.755
0.863
0.903
0.787
0.811
1.087
0.927
0.843
0.843
0.879
0.811
0.727
0.727
1.051
0.843
0.763
0.843
0.963
0.887
0.835
0.935
0.963
0.811
0.823
0.819
0.731
0.671
0.643
0.647
0.711
0.819
0.671
0.631
0.607
0.635
0.763
0.955
0.723
0.743
0.835
0.807
0.723
0.723
0.739
0.799
0.735
0.747
1.007
1.003
0.779
0.747
0.727
0.715
0.699
0.719
0.795
0.811
0.767
0.823
0.967
0.839
0.827
0.907
0.883
0.799
0.763
0.859
0.819
0.755
0.727
0.799
1.239
0.943
0.839
1.011
1.015
0.919
0.867
0.891
0.915
0.955
0.847
0.727
0.775
0.895
0.903
0.867
1.127
0.895
0.891
0.907
0.863
0.839
0.915
0.939
0.835
0.831
0.911
1.003
0.783
0.727
0.915
0.959
0.787
0.691
0.683
0.843
1.071
0.747
0.755
0.851
0.847
0.727
0.775
0.807
0.767
0.703
0.715
0.763
0.811
0.747
0.751
0.739
0.675
0.639
0.643
0.687
0.939
0.791
0.751
0.747
1.099
0.875
0.803
0.723
0.703
0.727
0.779
0.747
0.763
0.799
0.843
0.763
0.759
0.715
0.707
0.663
0.683
0.703
0.751
0.691
0.715
0.719
0.751
0.679
0.643
0.623
0.603
0.591
0.579
0.571
0.559
0.563
0.567
0.607
0.631
0.643
0.647
0.643
0.639
0.615
0.595
0.587
0.571
0.559
0.559
0.559
0.559
0.575
0.619
0.603
0.603
0.643
0.775
0.699
0.671
0.723
0.783
0.715
0.703
0.751
0.759
0.711
0.723
0.727
0.763
0.699
0.707
0.859
0.907
0.779
0.795
0.787
0.743
0.727
0.863
0.903
0.763
0.699
0.783
0.947
0.763
0.775
0.803
0.839
0.735
0.763
0.927
0.803
0.771
0.867
0.907
0.747
0.767
0.843
0.779
0.787
0.919
0.795
0.783
0.867
0.807
0.787
0.851
0.827
0.803
0.951
0.899
0.771
0.803
0.935
0.927
0.811
0.855
0.899
0.811
0.803
0.863
0.827
0.763
0.915
0.855
0.735
0.743
1.083
0.864
0.852
0.908
0.860
0.788
0.700
0.724
1.144
0.900
0.824
0.844
0.864
0.760
0.780
0.832
0.832
0.976
0.908
0.792
0.820
0.896
0.852
0.808
0.976
0.924
0.820
0.824
1.032
0.872
0.824
0.852
0.868
0.808
0.936
0.984
0.832
0.856
0.944
0.864
0.764
0.800
0.920
0.840
0.760
0.816
0.832
0.828
0.828
0.884
0.840
0.808
0.992
0.852
0.716
0.792
0.880
0.836
0.788
0.892
0.852
0.764
0.776
0.800
0.748
0.772
0.836
0.808
0.764
0.784
0.764
0.724
0.720
0.816
0.948
0.864
0.812
0.932
0.856
0.744
0.708
0.724
0.772
0.884
0.776
0.904
1.064
0.888
0.884
0.856
0.756
0.712
0.708
0.744
0.820
0.744
0.748
0.920
0.816
0.808
0.912
0.832
0.752
0.804
0.940
0.796
0.796
0.800
0.800
0.752
0.772
0.980
0.880
0.744
0.764
0.800
0.756
0.748
0.856
0.848
0.764
0.824
0.924
0.812
0.844
0.952
0.816
0.752
0.800
0.948
0.836
0.772
0.988
0.916
0.776
0.812
0.920
0.892
0.772
0.820
0.912
0.716
0.672
0.696
0.808
0.768
0.676
0.708
0.780
0.844
0.784
0.704
0.644
0.616
0.600
0.612
0.660
0.792
0.760
0.684
0.692
0.744
0.840
0.772
0.668
0.692
0.948
0.816
0.736
0.844
0.932
0.796
0.812
0.812
0.804
0.732
0.728
0.776
0.876
0.800
0.808
0.768
0.736
0.820
0.832
0.788
0.804
0.844
0.860
0.772
0.744
0.768
0.828
0.796
0.796
0.856
0.764
0.752
0.772
0.796
0.780
0.812
0.816
0.736
0.716
0.756
0.812
0.772
0.732
0.760
0.884
0.768
0.756
0.832
0.924
0.808
0.816
0.836
0.776
0.720
0.740
0.968
0.760
0.772
0.888
0.872
0.780
0.816
0.828
0.744
0.760
0.904
0.820
0.764
0.792
0.796
0.752
0.793
0.913
0.825
0.793
0.913
0.833
0.761
0.801
0.897
0.813
0.849
0.869
0.817
0.809
0.873
0.961
0.765
0.709
0.745
0.833
0.717
0.725
0.713
0.713
0.705
0.721
0.741
0.669
0.641
0.665
0.717
0.849
0.781
0.777
0.841
0.857
0.761
0.797
0.829
0.769
0.733
0.833
1.009
0.813
0.785
0.797
0.761
0.717
0.805
1.117
0.889
0.897
0.837
0.781
0.853
0.977
0.797
0.889
0.949
0.809
0.809
0.961
0.829
0.761
0.837
0.885
0.765
0.781
0.841
0.809
0.765
0.773
0.781
0.765
0.745
0.893
0.837
0.765
0.793
0.845
0.753
0.805
0.809
0.777
0.737
0.801
0.957
0.789
0.837
0.877
0.753
0.713
0.765
0.957
0.797
0.801
0.781
0.741
0.833
0.901
0.769
0.789
0.857
0.733
0.677
0.669
0.769
1.049
0.813
0.769
0.777
0.801
0.749
0.737
0.769
0.689
0.693
0.665
0.697
0.889
0.813
0.877
0.889
0.813
0.797
0.853
0.833
0.737
0.753
0.857
0.857
0.733
0.661
0.669
1.093
0.845
0.725
0.721
1.057
0.925
0.881
0.897
0.833
0.777
0.817
0.869
0.869
0.813
0.869
0.909
0.813
0.833
0.945
0.897
0.769
0.793
0.965
0.889
0.761
0.777
1.065
0.853
0.849
0.881
0.925
0.841
0.845
0.841
0.845
0.833
0.761
0.821
0.801
0.745
0.837
1.057
0.877
0.901
0.949
0.873
0.845
0.889
0.866
0.798
0.858
0.938
0.810
0.734
0.746
0.934
0.878
0.758
0.762
0.926
0.866
0.802
0.910
0.810
0.742
0.766
0.806
0.802
0.790
0.946
0.890
0.806
0.822
0.850
0.850
0.798
0.866
0.866
0.830
0.746
0.766
0.838
0.854
0.766
0.822
0.818
0.742
0.678
0.682
0.882
0.970
0.746
0.778
0.850
0.790
0.750
0.774
0.798
0.766
0.798
0.810
0.814
0.750
0.786
0.710
0.706
0.866
0.890
0.786
0.794
0.750
0.714
0.702
0.662
0.634
0.626
0.706
1.074
0.822
0.686
0.702
1.106
0.918
0.746
0.746
0.782
0.738
0.682
0.730
1.158
0.906
0.726
0.802
0.886
0.758
0.738
1.106
0.870
0.830
0.922
0.910
0.794
0.746
0.870
0.962
0.862
0.910
0.878
0.858
0.874
0.882
0.822
0.834
0.930
0.946
0.802
0.842
0.894
0.806
0.766
0.906
0.906
0.782
0.846
0.882
0.782
0.778
0.850
0.850
0.754
0.790
0.794
0.742
0.738
0.778
1.034
0.802
0.882
0.854
0.834
0.758
0.782
0.810
0.762
0.818
0.874
0.778
0.774
0.898
0.874
0.818
0.858
0.918
0.826
0.718
0.694
0.758
0.866
0.774
0.834
0.862
0.874
0.831
0.903
0.855
0.763
0.763
0.735
0.727
0.687
0.719
1.171
0.931
0.835
0.899
0.895
0.775
0.655
0.627
0.643
0.951
0.743
0.671
0.687
0.711
1.107
0.923
0.875
0.907
0.883
0.831
0.807
0.783
0.711
0.683
0.795
1.075
0.795
0.803
0.947
0.859
0.779
0.823
0.927
0.819
0.771
0.859
0.931
0.903
0.895
0.775
0.799
0.795
0.743
0.771
1.147
0.931
0.935
0.907
0.799
0.715
0.751
1.123
0.863
0.895
1.019
0.919
0.923
0.939
0.835
0.815
0.871
0.875
0.787
0.851
0.899
0.783
0.803
0.847
0.819
0.747
0.811
0.851
0.763
0.787
0.839
0.839
0.779
0.855
0.859
0.719
0.751
0.775
0.799
0.823
0.983
0.891
0.815
0.895
0.827
0.763
0.815
0.951
0.747
0.775
0.823
0.907
0.919
0.875
0.751
0.739
0.835
0.815
0.703
0.675
0.747
1.075
0.815
0.799
0.839
0.795
0.823
0.867
0.815
0.759
0.795
0.795
0.743
0.823
0.783
0.835
0.799
0.735
0.767
0.779
0.751
0.699
0.787
1.020
0.724
0.664
0.684
1.084
0.920
0.872
0.792
0.824
0.744
0.668
0.640
0.632
0.792
1.216
1.040
1.024
0.956
0.848
0.768
0.796
0.928
0.928
0.888
0.860
0.804
0.732
0.764
0.852
0.880
0.868
0.864
0.800
0.812
0.852
0.796
0.752
0.768
0.840
0.844
0.864
0.868
0.920
0.968
0.860
0.808
0.720
0.676
0.700
0.820
0.848
0.732
0.796
0.980
0.752
0.708
0.804
0.872
0.756
0.708
0.756
0.688
0.668
0.700
0.748
0.824
0.780
0.676
0.672
0.668
0.676
0.676
0.652
0.640
0.636
0.628
0.616
0.632
0.628
0.632
0.648
0.648
0.640
0.640
0.640
0.616
0.600
0.584
0.588
0.600
0.600
0.580
0.580
0.648
1.000
0.920
0.872
0.760
0.676
0.700
0.768
0.780
0.728
0.684
0.724
0.880
0.892
0.768
0.832
0.808
0.792
0.744
0.788
0.816
0.784
0.752
0.792
0.772
0.784
0.740
0.760
0.804
0.840
0.761
0.725
0.741
0.809
0.837
0.753
0.797
0.933
0.845
0.749
0.765
0.921
0.921
0.761
0.761
0.837
0.813
0.729
0.757
1.081
0.909
0.837
0.909
0.953
0.849
0.809
0.889
0.873
0.793
0.821
0.937
0.925
0.781
0.805
0.813
0.841
0.769
0.861
0.933
0.909
0.777
0.809
0.853
0.909
0.853
0.873
0.789
0.757
0.901
0.901
0.793
0.749
0.881
0.841
0.725
0.777
0.929
0.861
0.757
0.841
0.897
0.781
0.729
0.741
0.789
0.841
0.761
0.769
1.045
0.881
0.821
0.853
0.865
0.809
0.793
0.825
0.809
0.745
0.781
0.837
0.853
0.761
0.801
0.853
0.761
0.761
0.757
0.729
0.673
0.649
0.625
0.601
0.609
0.621
0.637
0.701
0.753
0.693
0.661
0.725
0.837
0.689
0.697
0.721
0.709
0.653
0.657
0.673
0.725
0.737
0.749
0.753
0.757
0.678
0.714
0.774
0.742
0.706
0.662
0.690
0.846
0.902
0.762
0.738
0.746
0.722
0.682
0.706
0.874
0.898
0.762
0.802
0.758
0.710
0.750
0.794
0.814
0.766
0.702
0.658
0.678
1.090
0.818
0.714
0.666
0.630
0.618
0.618
0.706
0.694
0.674
0.650
0.654
1.006
0.718
0.750
0.814
0.762
0.766
0.806
0.794
0.802
0.762
0.734
0.710
0.738
0.782
0.726
0.722
0.742
0.718
0.698
0.710
0.806
0.874
0.746
0.714
0.786
0.926
0.754
0.762
0.810
0.826
0.750
0.786
0.842
0.814
0.742
0.746
0.806
0.874
0.806
0.782
0.850
0.882
0.854
0.846
0.846
0.854
0.786
0.770
0.854
0.794
0.722
0.714
0.714
0.678
0.682
0.662
0.630
0.642
0.666
0.826
1.066
0.798
0.778
0.818
0.838
0.787
0.751
0.859
0.899
0.899
0.867
0.875
0.855
0.791
0.747
0.707
0.743
0.991
0.975
0.791
0.759
0.763
0.727
0.703
0.715
0.731
0.719
0.727
0.759
0.743
0.707
0.739
0.739
0.751
0.719
0.743
0.755
0.791
0.767
0.795
0.779
0.755
0.723
0.747
0.831
0.923
0.879
0.855
0.827
0.799
0.739
0.767
0.799
0.855
0.747
0.791
0.907
0.759
0.699
0.735
1.147
0.987
0.807
0.883
0.919
0.791
0.739
0.787
1.107
0.951
0.815
0.863
1.011
0.887
0.831
0.831
0.839
0.819
0.763
0.759
1.103
0.907
0.791
0.775
0.935
0.863
0.791
0.803
0.859
0.823
0.723
0.723
0.823
0.911
0.839
0.811
0.851
0.847
0.763
0.783
0.851
0.855
0.755
0.799
0.928
0.908
0.804
0.832
0.824
0.756
0.732
0.792
0.868
0.760
0.768
0.768
0.808
0.740
0.772
0.824
0.832
0.748
0.744
0.820
0.808
0.744
0.740
0.792
0.832
0.748
0.776
0.828
0.816
0.752
0.772
0.800
0.744
0.712
0.716
0.736
0.712
0.692
0.732
0.804
0.744
0.732
0.764
0.776
0.712
0.744
0.784
0.772
0.720
0.752
0.792
0.776
0.716
0.760
0.824
0.752
0.736
0.788
0.948
0.816
0.804
0.840
0.792
0.772
0.844
0.924
0.812
0.812
0.908
0.916
0.816
0.888
0.936
0.836
0.776
0.808
0.900
0.840
0.836
0.912
0.852
0.772
0.792
0.956
0.972
0.812
0.808
1.000
0.852
0.736
0.792
1.140
0.900
0.905
0.965
0.841
0.713
0.725
1.137
0.941
0.853
0.877
0.949
0.809
0.753
0.797
0.845
0.849
0.785
0.957
0.973
0.885
0.825
0.857
0.885
0.809
0.837
0.961
0.869
0.753
0.781
0.917
0.905
0.821
0.845
0.889
0.841
0.753
0.781
0.889
0.909
0.793
0.805
0.853
0.809
0.765
0.845
0.965
0.821
0.713
0.689
0.765
1.109
0.805
0.705
0.749
0.861
0.801
0.777
0.825
0.845
0.761
0.753
0.817
0.917
0.861
0.829
0.845
0.833
0.789
0.745
0.773
0.877
0.853
0.761
0.777
0.817
0.777
0.741
0.813
0.957
0.845
0.769
0.805
0.785
0.757
0.729
0.825
0.925
0.817
0.853
0.949
0.878
0.774
0.762
0.798
0.754
0.726
0.794
1.114
0.814
0.778
0.874
0.810
0.750
0.838
0.914
0.794
0.778
0.778
0.826
0.782
0.802
0.850
0.806
0.754
0.766
0.818
0.766
0.710
0.734
0.754
0.742
0.738
0.794
0.798
0.734
0.706
0.738
0.890
0.786
0.762
0.858
0.862
0.750
0.702
0.722
0.702
0.674
0.666
0.630
0.622
0.626
0.662
0.826
0.914
0.778
0.798
0.858
0.758
0.746
0.870
0.886
0.762
0.794
0.918
0.774
0.698
0.766
1.078
0.842
0.734
0.822
0.974
0.794
0.798
0.874
0.854
0.782
0.806
0.830
0.790
0.842
0.846
0.774
0.770
0.790
0.723
0.687
0.675
0.883
1.035
0.815
0.799
1.087
0.887
0.827
0.871
0.879
0.799
0.763
0.911
0.863
0.823
0.827
0.715
0.667
0.647
0.627
0.619
0.635
0.703
0.707
0.659
0.691
0.755
0.775
0.735
0.727
0.727
0.731
0.695
0.699
0.703
0.723
0.715
0.743
0.767
0.755
0.699
0.731
0.779
0.751
0.763
0.783
0.771
0.715
0.659
0.651
0.655
0.711
0.691
0.751
0.735
0.775
0.703
0.639
0.647
0.647
0.703
0.723
0.727
0.695
0.655
0.659
0.695
0.871
0.835
0.739
0.787
0.851
0.831
0.763
0.715
0.795
1.051
0.859
0.763
0.839
0.924
0.832
0.760
0.848
0.856
0.828
0.792
0.864
0.880
0.816
0.888
0.988
0.860
0.740
0.736
0.756
0.784
0.764
0.928
1.028
0.868
0.852
0.908
0.804
0.732
0.772
0.828
0.800
0.740
0.800
0.884
0.848
0.748
0.756
0.784
0.892
0.796
0.788
0.888
0.872
0.784
0.816
0.844
0.796
0.768
0.860
0.888
0.784
0.760
0.820
0.952
0.820
0.760
0.804
0.824
0.792
0.784
0.780
0.760
0.776
0.792
0.896
0.836
0.824
0.888
0.788
0.704
0.780
0.992
0.824
0.720
0.776
1.064
0.816
0.724
0.788
1.096
0.940
0.797
0.733
0.849
1.057
0.905
0.781
0.741
1.161
0.997
0.841
0.769
0.905
0.965
0.817
0.753
0.889
1.001
0.789
0.721
0.801
0.985
0.833
0.781
0.885
0.917
0.837
0.769
0.793
0.869
0.861
0.757
0.765
0.873
0.897
0.797
0.833
0.881
0.833
0.837
0.869
0.885
0.809
0.877
0.949
0.889
0.913
0.913
0.757
0.713
0.821
1.065
0.837
0.853
0.977
0.841
0.809
1.033
0.921
0.845
0.885
0.881
0.857
0.765
0.717
0.893
1.025
0.841
0.741
0.781
1.045
0.873
0.773
0.801
0.905
0.869
0.789
0.846
0.842
0.802
0.758
0.854
0.942
0.870
0.846
1.022
0.894
0.842
0.874
0.886
0.794
0.842
0.866
0.802
0.842
0.830
0.798
0.774
0.830
0.850
0.758
0.742
0.838
0.870
0.790
0.786
0.914
0.846
0.790
0.694
0.726
0.970
0.854
0.758
0.734
0.874
0.898
0.794
0.810
0.862
0.830
0.818
0.906
0.850
0.754
0.754
0.758
0.770
0.770
0.874
0.798
0.718
0.734
0.794
0.814
0.746
0.758
0.806
0.870
0.802
0.854
0.906
0.822
0.802
0.878
0.882
0.786
0.794
1.002
0.878
0.771
0.823
0.983
0.855
0.875
0.911
0.891
0.803
0.791
0.835
0.895
0.811
0.835
0.947
0.815
0.755
0.791
0.867
0.779
0.803
0.859
0.855
0.775
0.791
0.811
0.771
0.735
0.783
0.987
0.883
0.823
0.863
0.835
0.751
0.707
0.767
1.011
0.839
0.759
0.779
0.819
0.739
0.735
0.799
0.859
0.791
0.787
0.807
0.755
0.703
0.695
0.671
0.639
0.667
0.671
0.647
0.751
1.115
0.919
0.787
0.907
0.979
0.811
0.727
0.671
0.647
0.643
0.667
0.799
0.767
0.695
0.664
0.656
0.636
0.608
0.584
0.604
0.616
0.596
0.604
0.604
0.600
0.688
0.764
0.660
0.620
0.612
0.596
0.584
0.576
0.560
0.560
0.556
0.568
0.592
0.636
0.640
0.620
0.640
0.620
0.616
0.600
0.592
0.588
0.580
0.576
0.564
0.560
0.560
0.560
0.572
0.576
0.572
0.580
0.628
0.732
0.792
0.752
0.708
0.716
0.688
0.676
0.660
0.684
0.688
0.704
0.680
0.700
0.744
0.748
0.692
0.712
0.740
0.812
0.768
0.728
0.736
0.784
0.756
0.728
0.745
0.761
0.717
0.693
0.709
0.741
0.725
0.709
0.737
0.801
0.773
0.733
0.757
0.785
0.801
0.729
0.753
0.769
0.749
0.713
0.733
0.765
0.765
0.713
0.661
0.673
0.801
0.957
0.757
0.677
0.665
0.729
1.041
0.909
0.781
0.749
0.757
0.777
0.725
0.749
0.889
0.877
0.765
0.729
0.689
0.717
0.793
1.005
0.789
0.773
0.849
0.905
0.785
0.749
0.829
0.921
0.821
0.753
0.733
0.825
1.029
0.901
0.793
0.805
0.769
0.765
0.793
0.870
0.794
0.814
0.862
0.894
0.790
0.794
0.794
0.738
0.742
0.782
0.914
0.882
0.706
0.678
0.670
0.686
0.658
0.626
0.642
0.746
1.098
0.926
0.818
0.878
0.926
0.874
0.766
0.794
0.826
0.738
0.722
0.838
0.898
0.754
0.766
0.850
0.806
0.774
0.842
0.926
0.830
0.814
0.826
0.786
0.710
0.722
0.718
0.742
0.710
0.674
0.690
0.726
0.742
0.722
0.718
0.722
0.766
0.786
0.738
0.802
0.718
0.666
0.650
0.662
0.703
0.847
0.719
0.743
0.779
0.835
0.807
0.795
0.795
0.907
0.855
0.711
0.711
0.719
0.783
0.811
0.771
0.731
0.715
0.667
0.695
1.171
0.815
0.691
0.719
1.211
0.915
0.707
0.707
1.235
1.007
0.775
0.719
1.231
1.019
0.811
0.919