1.244
1.044
1.104
1.108
0.996
0.948
0.980
1.020
0.988
0.964
0.920
0.948
0.984
0.920
0.864
0.884
0.980
0.904
0.996
1.188
1.180
1.088
1.008
1.008
1.024
0.972
0.868
0.843
0.827
0.811
0.843
0.855
0.879
0.891
0.863
0.819
0.791
0.791
0.763
0.775
0.803
0.875
0.927
0.975
1.023
1.047
0.923
0.939
0.971
1.027
1.071
1.067
0.959
0.931
1.011
1.135
1.175
1.059
1.007
1.115
1.171
1.163
1.003
1.007
1.051
1.147
1.155
1.011
1.039
1.183
1.187
1.179
1.011
0.987
0.979
1.019
0.959
0.843
0.850
0.838
0.974
1.210
1.082
0.990
0.906
0.910
0.906
0.922
0.858
0.878
0.990
1.062
0.998
1.022
1.038
1.062
1.014
0.978
0.922
0.938
0.978
0.970
1.058
1.138
1.158
1.146
1.110
1.074
1.046
1.082
1.074
0.974
0.962
1.046
1.170
1.130
1.010
0.954
1.014
1.126
1.118
1.070
1.074
1.074
1.006
0.910
0.910
0.962
0.929
0.981
1.217
1.193
1.177
1.129
0.989
0.961
1.069
1.181
1.181
1.109
1.057
1.161
1.213
1.197
1.181
1.153
1.157
1.181
1.141
1.101
1.093
1.093
1.021
1.053
1.129
1.169
1.125
1.149
1.137
1.029
1.029
1.097
1.073
1.041
1.133
1.157
1.033
1.049
1.173
1.177
1.109
1.133
1.137
1.089
1.137
1.137
1.029
1.057
1.129
1.176
1.084
1.104
1.124
1.116
1.048
1.084
1.128
1.008
1.052
1.092
1.068
0.988
1.048
1.096
1.048
1.016
1.120
1.168
1.096
1.004
1.060
1.116
1.104
0.996
1.036
1.120
1.136
1.044
1.008
1.076
1.132
1.100
1.004
1.080
1.144
1.132
1.032
1.072
1.120
1.116
1.092
1.000
1.076
1.140
1.144
1.012
1.044
1.152
1.168
1.004
0.915
0.903
1.383
1.251
1.131
1.119
1.203
1.179
1.179
1.059
1.047
1.075
1.087
1.095
1.131
1.119
1.063
1.091
1.095
1.047
1.131
1.131
1.039
1.059
1.131
1.039
1.059
1.199
1.175
1.079
1.151
1.147
1.087
1.039
1.071
1.131
1.083
0.979
1.043
1.207
1.111
1.063
1.179
1.199
1.071
1.063
1.135
1.159
1.143
1.067
1.090
1.138
1.158
1.050
1.110
1.166
1.146
1.038
1.058
1.134
1.126
1.046
1.130
1.162
1.146
1.106
1.114
1.126
1.078
1.150
1.082
0.986
0.954
1.006
1.158
1.114
1.062
1.130
1.118
1.110
1.098
1.094
1.098
1.074
0.926
0.930
0.982
1.106
1.110
1.030
1.070
1.150
1.130
1.022
0.966
1.034
1.170
1.126
0.978
0.950
0.882
0.893
1.177
1.153
1.097
1.165
1.193
1.181
1.101
1.069
1.105
1.129
1.077
0.997
1.017
1.069
1.025
1.125
1.133
1.049
1.101
1.153
1.141
1.017
1.061
1.137
1.085
0.997
1.145
1.197
1.089
1.137
1.181
1.153
1.137
1.173
1.141
1.089
1.153
1.141
1.037
1.117
1.157
1.109
1.129
1.113
1.001
1.033
1.121
1.137
1.045
1.069
1.124
1.120
1.064
1.120
1.148
1.100
1.128
1.124
1.060
1.080
1.068
0.968
1.024
1.172
1.104
1.044
1.120
1.144
1.040
1.052
1.072
1.032
0.948
1.024
1.152
1.048
1.056
1.132
1.152
1.056
1.108
1.112
1.092
1.108
1.112
1.068
1.104
1.132
1.120
1.128
1.080
1.072
1.084
1.056
0.948
0.956
1.044
1.072
1.040
1.084
1.095
0.975
1.027
1.115
1.067
1.147
1.155
1.059
1.107
1.147
1.063
1.055
1.079
1.043
1.079
1.111
1.031
1.067
1.131
1.035
1.071
1.119
1.035
1.047
1.099
0.967
0.979
1.135
1.179
1.039
1.051
1.175
1.175
1.163
1.051
1.023
1.095
1.139
0.931
0.851
0.859
0.959
1.251
1.175
0.995
0.915
1.107
1.247
1.203
1.171
1.143
1.110
1.138
1.150
1.130
1.094
0.938
0.958
1.058
1.126
1.018
1.002
1.122
1.174
1.130
1.082
1.122
1.126
1.086
1.138
1.134
1.074
1.126
1.146
1.150
1.042
1.022
1.062
1.154
1.030
1.086
1.202
1.170
1.066
1.118
1.126
1.118
1.102
1.050
0.990
0.910
0.906
0.950
1.102
1.022
1.102
1.058
1.034
1.098
1.090
1.086
1.046
0.933
0.893
0.945
0.917
1.013
1.181
1.161
1.045
0.981
1.021
1.081
1.125
1.145
1.025
1.093
1.153
1.149
1.121
1.133
1.065
1.093
1.113
1.021
0.973
1.057
1.149
1.161
1.085
1.017
1.045
1.077
1.025
1.089
1.149
1.121
1.013
1.085
1.177
1.133
1.109
1.041
1.117
1.129
1.085
1.049
1.093
1.093
1.013
0.973
1.049
1.117
1.128
1.016
1.048
1.108
1.124
1.064
1.088
1.116
1.000
1.052
1.140
1.140
1.088
1.084
1.096
1.088
1.016
1.068
1.124
1.084
1.084
1.048
1.008
1.048
1.128
1.044
1.092
1.108
1.052
1.144
1.160
1.044
1.068
1.144
1.132
1.056
1.100
1.108
1.024
0.972
1.008
1.128
1.088
1.132
1.124
1.140
1.068
1.052
1.052
1.104
1.011
0.991
0.995
1.015
0.947
0.931
0.975
1.087
1.119
1.015
0.995
1.039
1.091
1.127
1.083
1.051
1.011
1.039
1.103
0.975
0.891
0.911
0.919
1.107
1.215
1.103
1.195
1.179
1.075
1.075
1.079
1.003
0.927
0.919
0.987
0.891
0.951
1.171
1.167
1.059
1.091
1.147
1.155
1.127
1.059
1.107
1.111
1.063
1.131
1.171
1.079
1.134
1.158
1.150
1.066
1.090
1.126
1.074
1.122
1.130
1.070
1.054
1.094
1.134
1.078
1.066
1.130
1.158
1.082
1.014
1.058
1.102
1.086
1.002
1.054
1.126
1.094
0.990
1.054
1.138
1.162
1.138
1.062
1.110
1.130
1.026
1.050
1.078
1.142
1.114
1.090
1.150
1.162
1.074
1.074
1.090
1.078
1.014
1.098
1.126
1.090
1.094
1.081
1.077
0.977
0.953
1.017
1.121
0.981
1.085
1.161
1.141
1.061
1.089
1.149
1.149
1.037
1.053
1.073
1.085
1.029
1.029
1.093
1.001
0.989
0.993
0.929
0.973
1.069
1.081
0.989
1.053
1.109
1.065
0.989
1.073
1.149
1.137
1.101
1.121
1.121
0.977
0.985
1.057
1.125
1.021
1.077
1.153
1.021
0.993
0.889
0.861
0.940
1.160
1.032
1.088
1.160
1.140
1.036
1.084
1.044
1.048
1.100
1.104
1.112
1.016
1.004
1.104
1.148
1.148
1.152
1.040
1.072
1.036
1.056
1.056
1.088
1.096
1.112
1.128
1.140
1.036
1.028
1.004
1.012
0.960
1.008
1.136
1.096
1.088
1.072
1.028
1.016
0.996
0.904
0.856
0.848
0.916
1.260
1.192
1.152
1.144
1.200
1.171
1.051
1.099
1.119
1.099
1.091
1.031
1.055
1.091
0.983
0.959
1.015
1.111
1.027
1.107
1.123
1.123
1.127
1.031
1.051
1.099
1.035
1.027
1.051
1.075
0.995
1.019
1.035
1.075
0.959
0.959
0.999
0.967
1.031
1.039
1.083
1.079
0.983
0.951
0.979
1.007
1.039
1.059
1.063
0.983
1.015
1.071
1.055
0.983
0.951
0.987
1.062
0.974
1.098
1.142
1.126
1.038
1.098
1.150
1.150
1.102
1.126
1.094
1.034
1.050
1.106
1.102
1.062
1.022
1.038
1.042
0.942
0.962
1.062
1.090
0.970
0.970
0.994
1.026
0.994
0.994
1.038
1.050
1.026
0.966
0.978
1.050
1.050
1.030
1.054
1.086
1.086
0.978
1.006
0.982
1.122
1.182
1.106
1.054
1.046
1.046
0.973
0.977
0.981
0.941
0.977
1.077
1.069
0.997
1.061
1.109
1.129
1.089
1.073
0.993
1.049
1.125
1.117
1.137
1.161
1.089
1.065
1.133
1.121
1.017
1.077
1.157
1.177
1.061
1.061
1.093
1.133
1.061
1.073
1.121
1.113
1.013
1.029
1.093
1.117
1.077
1.133
1.153
1.049
1.085
1.125
1.121
1.121
1.029
1.077
1.121
1.117
1.052
1.044
1.024
0.964
1.008
1.036
1.020
0.972
1.072
1.128
1.024
1.028
1.052
1.032
1.028
1.024
0.948
0.920
0.956
1.056
1.008
1.040
1.104
1.112
1.032
1.020
1.080
1.100
1.028
1.032
1.064
1.056
1.056
1.080
1.112
1.044
1.088
1.148
1.096
1.024
1.016
0.976
1.084
1.144
1.136
1.044
1.096
1.148
1.132
1.032
1.076
1.091
1.015
0.979
1.067
1.131
0.983
0.891
0.959
1.051
1.147
1.175
1.167
1.059
1.023
1.035
1.079
1.075
1.079
0.979
1.079
1.183
1.183
1.055
1.139
1.155
1.115
1.015
1.091
1.139
1.095
1.007
1.171
1.207
1.183
1.111
1.183
1.095
1.095
1.095
1.115
1.059
1.087
1.095
1.019
1.079
1.187
1.195
1.171
1.123
1.127
1.115
1.018
1.026
1.082
1.098
1.050
1.086
1.134
1.058
1.034
1.070
1.138
1.062
1.046
1.094
0.990
0.974
1.094
1.058
1.014
1.090
1.126
1.038
1.046
1.098
1.054
0.978
1.082
1.146
1.066
1.018
1.082
1.106
0.982
1.062
1.058
1.114
1.106
1.026
1.006
1.050
1.106
1.110
1.106
1.150
1.222
1.106
1.098
1.146
1.130
1.126
1.109
1.065
0.957
0.985
0.873
0.849
0.977
1.161
1.041
1.093
1.165
1.129
1.101
1.089
1.029
1.109
1.117
1.105
1.121
1.013
1.085
1.133
1.081
1.009
1.121
1.141
1.045
1.113
1.145
1.081
0.989
1.033
1.121
1.085
1.017
1.149
1.161
1.033
1.073
1.153
1.141
1.045
1.117
1.053
1.081
1.153
1.109
0.949
0.873
0.893
0.889
0.968
1.200
1.200
1.100
1.124
1.136
1.092
1.032
1.000
0.992
0.924
1.096
1.244
1.196
1.020
0.972
1.176
1.116
1.092
1.108
1.000
1.076
1.192
1.164
1.160
1.148
1.076
1.064
1.132
1.152
1.148
1.028
1.088
1.112
1.092
1.044
1.100
1.116
1.040
1.120
1.124
1.032
1.060
1.076
1.032
1.032
1.076
1.080
1.008
1.028
1.084
0.935
0.943
1.067
1.103
1.051
1.071
1.067
0.987
1.039
1.103
1.079
1.039
1.039
1.035
0.979
1.015
1.055
1.023
0.975
1.111
1.159
1.159
1.131
1.107
1.131
1.115
1.119
1.107
1.099
1.011
1.007
1.027
1.067
0.995
1.007
1.079
1.099
0.983
0.987
1.035
1.099
0.979
0.999
1.111
1.103
0.999
1.019
1.107
1.103
1.023
1.074
1.142
1.126
1.034
1.090
1.126
1.106
1.074
1.134
1.126
1.042
1.090
1.110
1.074
1.070
1.118
1.090
1.070
1.110
1.102
1.038
1.058
1.090
1.070
1.050
1.082
1.090
1.038
1.098
1.118
1.050
1.074
1.102
1.114
1.062
1.090
1.114
1.106
1.034
1.086
1.118
1.058
1.030
1.094
1.122
1.054
1.094
1.130
1.074
0.954
1.010
1.113
1.097
1.049
1.093
1.117
1.025
1.053
1.093
1.017
1.013
1.089
1.113
1.041
1.041
1.081
1.089
1.081
1.137
1.141
1.029
1.101
1.157
1.093
1.009
1.101
1.101
1.053
1.069
1.093
1.045
1.077
1.101
1.089
1.013
1.045
1.105
1.069
0.997
1.053
1.085
1.041
0.945
0.965
1.053
1.041
1.017
1.073
1.065
0.969
0.985
1.053
1.064
0.992
1.052
1.100
1.052
0.996
1.044
1.072
1.024
0.980
1.068
1.112
1.060
0.996
1.076
1.136
1.080
1.076
1.084
1.072
1.000
0.972
1.056
1.144
1.020
1.100
1.124
1.096
1.000
1.056
1.096
1.120
1.044
1.032
1.120
1.132
1.088
1.108
1.128
1.116
1.092
1.052
1.068
1.084
0.992
1.000
1.108
1.072
1.024
1.144
1.091
1.059
1.131
1.127
1.011
1.067
1.103
1.031
1.091
1.083
0.891
0.847
0.859
1.119
1.159
1.099
1.163
1.187
1.147
1.027
1.091
1.123
1.079
1.087
1.107
1.075
1.075
1.063
1.043
1.051
1.047
0.999
1.003
1.047
0.987
1.011
1.007
0.947
0.935
0.971
1.007
0.895
0.923
1.011
1.015
1.015
1.047
1.063
1.039
1.039
0.951
1.006
1.094
1.102
0.986
0.966
1.034
1.098
1.034
1.210
1.190
1.050
1.106
1.146
1.074
1.118
1.110
1.054
0.930
1.006
1.122
1.050
1.098
1.126
1.114
1.126
1.118
1.126
1.098
0.982
1.018
1.118
1.126
1.066
1.106
1.138
1.046
1.054
1.074
0.990
0.982
1.078
1.134
1.094
1.106
1.114
1.074
1.002
1.038
1.074
1.106
1.090
1.037
1.097
1.129
1.121
0.981
0.937
1.037
1.193
1.005
1.077
1.213
1.153
1.049
1.133
1.157
1.025
1.041
1.149
1.109
1.085
1.157
1.165
1.061
1.093
1.133
1.129
1.145
1.165
1.145
1.105
1.109
1.097
1.081
1.113
1.093
1.077
1.089
1.093
0.989
1.013
1.145
1.133
1.033
1.057
1.057
1.033
1.025
1.085
1.089
1.013
0.944
1.068
1.168
1.028
1.068
1.120
1.048
1.036
1.096
1.104
0.964
1.012
1.080
0.980
1.020
1.100
1.100
1.024
1.092
1.120
1.096
1.048
1.084
1.112
1.136
1.136
1.120
1.092
1.092
1.024
0.968
1.132
1.192
1.072
1.100
1.116
1.084
1.040
1.064
1.096
1.112
1.072
1.084
1.076
0.920
0.952
1.320
1.136
1.080
1.180
1.160
0.999
1.091
1.151
1.095
1.143
1.159
1.127
0.967
0.879
0.843
0.875
1.063
1.143
1.011
1.035
1.171
1.151
1.055
0.963
0.979
1.027
1.015
0.967
1.007
1.015
0.943
0.839
0.823
0.803
0.815
0.899
0.995
1.011
1.003
0.999
0.991
0.987
0.995
0.991
0.987
0.991
0.987
0.991
0.963
0.939
0.875
0.887
0.939
1.015
0.943
0.919
0.978
1.062
1.010
0.986
1.070
1.082
1.030
1.018
1.062
1.062
1.062
1.078
1.070
0.978
1.014
1.062
1.022
1.050
1.146
1.130
1.074
1.114
1.094
1.018
1.050
1.058
0.994
1.082
1.110
1.102
1.106
1.098
1.098
1.150
1.154
1.146
1.126
1.090
1.050
0.918
0.938
1.206
1.086
1.038
1.126
1.070
1.054
1.154
1.146
1.074
1.194
1.157
1.077
1.029
1.101
1.113
1.113
1.037
1.109
1.181
1.129
1.085
1.133
1.117
1.093
1.101
1.133
1.077
0.989
0.925
0.989
1.197
1.161
1.001
1.073
1.181
1.113
1.053
1.097
1.101
1.021
1.081
1.105
1.081
1.109
1.097
1.085
1.101
1.093
1.045
1.069
1.133
1.161
1.141
1.081
1.025
1.085
1.093
1.061
0.957
1.065
1.184
1.016
1.028
1.124
1.096
1.072
1.148
1.132
0.980
0.988
1.036
1.040
0.980
1.152
1.192
1.124
1.168
1.184
1.108
1.108
1.052
0.864
0.844
0.800
0.784
0.792
0.784
0.772
0.752
0.740
0.732
0.712
0.704
0.700
0.680
0.676
0.676
0.672
0.680
0.692
0.696
0.688
0.696
0.680
0.688
0.708
0.708
0.772
0.848
0.928
0.968
0.931
0.899
0.939
1.011
1.019
1.007
1.063
1.123
1.123
1.119
1.135
1.139
1.155
1.143
1.127
0.983
1.083
1.223
1.215
1.203
1.215
1.191
1.143
1.003
1.163
1.255
1.239
1.195
1.191
1.247
1.251
1.183
1.063
1.067
1.199
1.211
1.239
1.179
1.215
1.219
1.199
1.175
1.159
1.159
1.199
1.183
1.175
1.175
1.175
1.143
1.119
1.198
1.210
1.094
1.094
1.158
1.142
0.994
1.102
1.150
1.002
1.094
1.186
1.126
1.118
1.142
1.118
1.050
1.102
1.134
1.082
1.114
1.110
1.062
1.058
1.098
1.014
1.026
1.026
0.942
1.002
0.978
0.994
1.134
1.166
1.158
1.074
1.122
1.142
1.038
0.994
0.926
0.986
1.118
1.170
1.058
1.130
1.186
1.130
1.118
1.122
1.157
1.081
1.129
1.117
1.033
1.089
1.137
1.081
1.093
1.125
1.125
1.113
1.105
1.061
1.085
1.077
1.021
1.053
1.073
1.013
1.057
1.081
1.005
1.049
1.093
1.025
1.033
1.093
1.049
0.965
1.029
1.077
0.993
1.001
1.085
1.065
0.985
1.033
1.045
0.989
1.061
1.117
1.053
1.097
1.097
1.057
1.049
1.089
1.065
1.005
1.037
1.064
0.976
1.004
1.052
1.004
1.016
1.084
1.092
1.048
1.120
1.096
1.024
1.056
1.092
1.044
1.016
1.072
1.088
1.056
1.120
1.132
1.040
1.080
1.104
1.060
1.068
1.120
1.128
1.032
1.092
1.124
1.100
1.052
1.096
1.080
0.984
1.016
1.120
1.064
1.040
1.084
1.064
0.976
1.064
1.112
1.084
1.104
1.100
1.004
0.920
0.984
1.111
1.039
1.011
1.127
1.135
1.015
1.095
1.123
1.031
1.007
1.099
1.119
1.047
1.103
1.115
1.059
1.019
1.079
1.031
1.099
1.123
1.019
1.059
1.191
1.175
1.115
1.111
1.155
1.139
1.055
1.067
1.127
1.131
1.083
1.159
1.163
1.159
1.147
1.135
1.103
1.091
1.139
1.123
1.031
1.031
1.071
1.087
1.039
1.059
1.107
1.070
1.066
1.122
1.102
1.038
1.126
1.146
1.142
1.122
1.142
1.126
1.038
1.082
1.126
1.130
1.074
1.102
1.122
1.062
1.050
1.098
1.110
1.094
1.146
1.154
1.106
1.058
1.094
1.106
1.054
1.098
1.154
1.098
0.954
0.962
1.106
1.162
1.058
1.154
1.150
1.002
1.050
1.142
1.138
1.010
1.058
1.146
1.082
1.054
1.158
1.126
1.049
1.129
1.165
1.041
1.005
1.017
0.961
0.985
0.981
0.877
0.853
0.845
0.857
0.877
0.985
0.941
0.985
1.109
1.153
1.153
1.153
1.165
1.157
1.141
1.133
1.057
1.105
1.113
1.093
0.993
1.029
1.161
1.181
1.133
1.145
1.157
1.121
1.101
1.141
1.113
0.981
1.097
1.197
1.145
1.121
1.153
1.149
1.061
1.137
1.121
0.985
1.060
1.144
1.124
1.136
1.188
1.180
1.116
1.160
1.148
1.104
1.116
1.160
1.148
1.108
1.144
1.108
1.044
1.076
1.088
1.052
1.072
1.128
1.148
1.048
1.104
1.112
1.068
1.000
1.084
1.120
1.012
0.996
1.016
0.920
1.024
1.152
1.084
1.116
1.128
1.080
0.984
1.096
1.136
1.012
1.076
1.144
1.092
1.012
1.072
1.084
1.008
1.083
1.127
1.047
1.071
1.091
0.983
1.035
1.095
1.079
1.063
1.123
1.091
1.071
1.099
1.083
1.075
0.899
0.791
0.523
1.059
0.843
0.827
0.791
0.795
0.823
0.795
0.815
0.819
0.831
0.835
0.823
0.835
0.847
0.855
0.851
0.863
0.859
0.855
0.843
0.827
0.823
0.827
0.787
0.763
0.775
0.827
0.907
0.859
0.903
0.991
0.970
0.994
0.962
0.862
0.826
0.814
0.794
0.810
0.906
1.174
1.162
1.078
1.174
1.198
1.174
1.158
1.074
1.094
1.134
1.174
1.102
1.050
0.938
0.950
1.002
0.966
1.074
1.186
1.210
1.194
1.178
1.146
1.094
1.106
1.106
1.118
0.958
0.974
1.146
1.158
1.054
0.926
0.946
1.130
1.194
1.194
1.198
1.174
1.082
1.106
1.058
1.065
1.157
1.173
1.109
1.113
1.053
1.109
1.153
1.137
1.105
1.037
0.993
1.101
1.137
1.117
0.985
1.089
1.029
0.997
1.005
0.973
1.041
1.129
1.013
0.933
0.905
0.973
1.129
1.017
1.061
1.133
1.145
1.109
1.073
0.973
1.021
1.021
1.029
1.025
1.021
0.933
0.857
0.853
0.929
1.061
0.969
0.965
1.017
1.065
0.989
0.905
0.908
0.952
0.996
1.000
0.936
0.908
0.916
1.024
0.912
0.876
0.872
0.900
1.008
1.004
1.040
1.092
1.088
1.020
1.028
1.092
0.936
0.856
0.824
0.836
1.068
1.128
1.132
1.116
1.124
1.052
1.104
1.092
1.044
0.964
0.936
1.056
1.028
1.008
1.148
1.176
1.144
1.100
1.008
0.964
1.072
1.180
1.156
1.172
1.100
1.016
1.107
1.139
1.107
1.127
1.099
1.087
1.107
1.159
1.151
1.123
1.035
1.127
1.167
1.139
1.099
0.967
0.999
1.155
1.103
1.059
1.135
1.151
0.995
1.035
1.099
1.071
1.011
1.123
1.151
1.067
0.983
1.039
1.139
1.147
1.095
1.147
1.123
1.027
1.067
1.147
1.143
1.123
1.119
1.115
1.103
1.103
1.055
0.935
0.947
1.091
1.135
0.998
1.182
1.202
1.122
1.046
1.166
0.946
0.838
0.794
0.762
0.734
0.738
0.758
0.822
0.858
0.854
0.850
0.798
0.806
0.870
0.826
0.774
0.798
0.858
0.986
0.954
0.918
0.858
0.874
0.834
0.830
0.842
0.822
0.834
0.974
1.118
1.106
1.094
1.022
0.966
0.978
0.990
0.962
0.958
0.982
0.958
0.894
0.890
0.898
0.926
0.938
0.849
0.821
0.809
0.809
0.841
0.857
0.917
1.177
1.157
1.145
1.105
0.961
0.977
0.973
0.897
0.873
0.801
0.789
0.761
0.745
0.777
1.401
1.293
1.237
1.209
1.217
1.205
1.189
1.177
1.177
1.129
1.125
1.093
1.097
0.985
0.925
1.013
1.109
0.949
1.005
1.141
1.097
0.961
1.093
1.169
1.153
1.049
1.093
1.129
1.129
1.120
1.076
1.000
1.056
1.112
1.100
1.060
0.936
0.988
1.088
1.128
1.000
1.052
1.128
1.108
1.040
1.104
1.108
1.100
1.088
1.084
1.084
1.052
1.000
0.936
1.048
1.104
1.084
1.040
0.904
0.952
1.148
1.060
0.988
1.124
1.148
1.020
1.040
1.152
1.144
1.044
1.116
1.132
1.140
1.100
1.088
1.096
1.072
1.108
1.080
1.112
1.103
1.051
1.055
1.071
1.071
0.995
0.931
0.999
1.095
0.991
0.979
1.075
1.123
0.979
0.983
1.075
1.031
0.911
0.911
0.991
1.007
1.075
1.163
1.135
1.063
1.095
1.079
1.075
1.039
1.099
1.103
1.059
0.959
0.955
1.115
1.167
1.079
1.147
1.163
1.079
1.091
1.083
1.047
1.099
1.131
1.047
1.059
1.111
1.103
1.083
1.131
1.118
1.022
1.038
1.086
1.078
1.114
0.990
0.918
0.942
1.090
1.126
0.990
1.034
1.098
1.122
1.046
1.118
1.134
1.122
1.006
1.110
1.158
1.146
1.042
1.126
1.138
1.078
1.130
1.118
1.106
1.106
1.122
1.098
1.054
1.034
1.122
1.158
1.114
0.938
0.926
1.030
1.146
0.982
1.082
1.158
1.158
1.090
0.994
1.074
1.126
1.026
1.109
1.129
1.125
1.101
1.149
1.113
1.081
1.145
1.153
1.113
1.017
1.001
1.229
1.189
1.069
1.137
1.125
1.033
0.997
1.189
1.181
1.049
1.141
1.125
1.109
1.145
1.113
1.093
1.129
1.125
1.109
1.133
1.133
1.121
1.117
1.077
1.121
1.089
1.073
1.153
1.145
1.089
0.893
0.937
1.289
1.005
1.077
1.217
1.101
0.921
1.104
1.216
1.152
1.032
1.148
1.180
1.100
1.124
1.120
1.060
1.164
1.132
1.048
1.148
1.152
1.136
1.164
1.152
1.156
1.140
1.068
1.136
1.136
1.120
1.048
1.132
1.112
1.100
1.124
1.136
1.140
1.100
1.096
1.088
1.092
1.176
1.128
0.984
0.908
1.024
1.216
1.160
1.084
1.144
1.140
1.140
1.108
1.024
0.888
0.868
1.016
1.111
1.027
0.891
0.799
0.779
0.771
0.795
0.763
0.751
0.763
0.767
0.755
0.727
0.731
0.727
0.747
0.811
0.895
0.923
0.867
0.927
0.995
1.015
0.947
1.023
1.079
1.087
0.979
0.851
0.835
0.871
1.303
1.235
1.263
1.235
1.255
1.243
1.207
1.175
1.099
1.223
1.179
1.215
1.199
1.191
1.179
1.199
1.187
1.083
1.195
1.219
1.190
1.146
1.178
1.158
1.046
1.114
1.118
1.142
0.998
0.930
0.866
0.842
0.802
0.778
0.774
0.762
0.766
0.762
0.754
0.738
0.742
0.750
0.790
0.842
0.810
0.810
0.826
0.854
0.814
0.786
0.810
0.886
0.974
1.038
1.070
1.074
1.066
1.058
1.062
1.002
0.846
0.810
0.782
0.802
0.786
0.806
0.990
0.918
0.910
1.086
1.097
0.997
0.921
0.973
1.101
0.993
0.973
1.145
1.193
1.153
1.021
1.169
1.201
1.085
1.013
1.177
1.193
1.105
1.033
1.145
1.217
1.153
1.077
1.189
1.197
1.149
1.009
1.077
1.217
1.205
1.213
1.249
1.201
1.157
1.185
1.165
1.141
1.221
1.189
1.145
1.125
1.173
1.133
1.041
1.157
1.169
1.077
1.129
1.153
1.093
1.213
1.188
1.148
1.092
1.164
1.152
1.052
1.128
1.144
1.088
1.128
1.136
1.116
1.068
1.148
1.164
1.072
1.120
1.092
1.064
1.116
1.076
1.008
1.152
1.156
1.064
1.120
1.136
1.068
0.964
1.052
1.128
1.056
1.016
1.128
1.144
1.100
1.096
1.104
1.064
1.108
1.112
1.060
1.120
1.140
1.068
1.116
1.104
1.036
1.056
1.120
1.080
0.943
1.015
1.143
1.051
1.071
1.159
1.151
1.047
1.099
1.123
1.071
1.051
1.083
1.147
1.107
1.043
1.143
1.139
1.123
0.979
1.051
1.163
1.135
1.023
1.111
1.159
1.055
1.131
1.143
1.107
1.127
1.159
1.111
1.151
1.123
1.083
1.107
1.063
1.071
1.127
1.111
1.071
1.119
1.119
1.031
1.075
1.123
1.027
1.115
1.167
1.110
1.158
1.154
1.094
1.130
1.142
1.130
1.022
1.118
1.118
1.026
1.094
1.142
1.006
0.962
1.046
1.046
1.018
1.114
1.138
1.070
1.166
1.170
1.042
1.070
1.142
1.074
0.986
1.074
1.150
1.138
1.042
1.150
1.198
1.178
1.098
1.098
1.138
1.134
1.090
1.038
1.074
1.086
1.086
1.102
0.930
1.062
1.206
1.118
1.030
1.158
1.145
1.105
0.937
1.069
1.185
1.065
1.137
1.185
1.129
1.105
1.153
1.109
1.109
1.137
1.129
1.121
1.161
1.181
1.137
1.121
1.145
1.137
1.057
1.117
1.129
1.073
1.045
1.117
1.125
1.025
1.085
1.133
1.053
1.145
1.133
1.041
0.945
1.021
1.169
1.145
1.029
1.185
1.165
0.989
0.957
1.057
0.929
0.861
0.829
1.029
1.253
1.104
1.072
1.152
1.156
1.092
1.072
1.064
1.068
1.096
1.064
0.940
1.032
1.160
1.080
1.068
1.148
1.148
1.136
0.996
1.040
1.204
1.196
1.072
1.208
1.236
1.188
1.120
1.180
1.080
0.960
0.904
0.804
0.780
0.756
0.732
0.736
0.760
0.912
0.984
0.960
0.856
0.844
0.816
0.804
0.836
0.860
0.848
0.844
0.800
0.824
0.832
0.835
0.823
0.815
0.791
0.751
0.739
0.739
0.759
0.867
1.023
0.843
0.807
0.811
0.979
1.007
1.083
1.119
1.147
1.119
1.123
1.127
1.135
1.135
1.135
1.131
1.151
1.099
1.047
1.135
1.155
1.079
1.143
1.159
1.083
1.075
1.167
1.119
1.179
1.171
1.095
1.143
1.131
1.075
1.155
1.167
0.995
1.163
1.167
1.027
1.131
1.206
1.194
1.126
1.182
1.190
1.106
1.166
1.162
1.110
1.162
1.114
1.070
1.118
1.098
1.058
1.126
1.086
0.982
1.038
1.098
1.054
1.046
1.142
1.158
1.082
1.130
1.122
1.046
1.094
1.110
1.078
1.074
1.126
1.130
1.098
1.090
1.110
1.030
0.986
1.062
1.122
1.058
1.122
1.114
1.050
1.050
1.134
1.066
1.090
1.130
1.094
1.069
1.117
1.125
1.109
1.101
1.113
1.089
1.017
1.077
1.125
1.109
1.089
1.121
1.133
0.977
0.973
1.021
1.041
0.909
1.013
1.205
1.157
1.109
1.137
1.169
1.085
1.133
1.137
1.073
1.105
1.169
1.141
1.077
1.157
1.145
1.069
1.113
1.033
0.969
1.125
1.189
1.061
1.181
1.161
1.065
1.101
1.065
1.061
0.969
0.961
1.005
1.072
1.128
1.016
1.040
1.140
1.020
0.992
0.980
0.992
0.888
0.856
0.844
0.892
1.052
1.108
1.024
1.064
1.092
1.080
1.080
1.068
0.988
1.012
1.080
1.136
1.104
0.992
1.084
1.172
1.168
1.148
1.060
1.144
1.168
1.144
1.112
1.164
1.180
1.100
1.172
1.200
1.156
1.128
1.144
1.128
1.116
1.164
1.180
1.176
1.096
1.151
1.147
1.127
1.103
1.163
1.159
1.079
1.123
1.155
1.107
1.139
1.167
1.103
1.123
1.123
1.015
1.075
1.131
1.059
1.115
1.179
1.139
1.115
1.167
1.147
0.999
1.027
1.163
1.179
1.135
1.171
1.183
1.127
1.139
1.123
0.991
1.067
1.119
1.063
1.103
1.175
1.151
1.087
1.131
1.107
1.071
1.119
1.123
1.039
1.099
1.123
1.098
1.142
1.150
1.138
1.046
1.102
1.118
1.086
1.102
1.138
1.130
1.066
1.130
1.106
1.018
1.066
1.114
1.030
1.046
1.114
1.086
0.918
0.954
1.062
1.058
0.990
1.170
1.178
1.058
1.118
1.150
1.082
1.094
1.118
1.066
1.114
1.094
1.038
1.082
1.082
0.998
1.122
1.090
1.122
1.126
0.966
0.926
0.902
0.866
0.854
1.086
1.049
0.925
1.045
1.093
1.041
1.129
1.113
1.041
1.093
1.101
1.049
1.121
1.105
1.017
0.989
1.069
0.997
1.029
1.121
1.121
1.045
1.101
1.041
1.037
1.197
1.173
1.053
1.037
1.097
1.037
0.885
0.821
0.897
1.213
1.109
1.101
1.157
1.053
1.137
1.133
1.057
1.125
1.057
0.925
0.933
1.001
0.969
1.125
1.129
1.125
1.108
1.088
1.132
1.108
0.996
1.056
1.132
1.112
1.120
1.016
1.056
1.148
1.132
1.024
1.140
1.168
1.048
1.088
1.136
1.080
1.016
0.964
1.112
1.148
1.104
1.084
1.144
1.160
1.100
1.140
1.144
1.048
1.084
1.160
1.160
1.072
1.076
1.108
1.112
0.988
1.104
1.176
1.104
1.004
1.164
1.208
1.176
1.124
1.096
1.024
1.164
1.175
1.151
1.039
1.103
1.143
1.135
1.131
1.023
1.087
1.059
1.119
1.131
1.111
1.051
1.119
1.127
1.111
1.067
1.115
1.107
1.143
1.131
1.123
1.079
0.919
0.935
1.215
1.179
1.151
1.003
1.099
1.167
1.035
0.871
0.827
0.895
0.811
0.799
0.771
0.763
0.815
0.979
1.011
0.975
0.919
0.979
1.027
1.043
0.955
1.015
1.127
1.110
1.098
1.038
1.094
1.118
1.114
1.090
1.110
1.154
1.158
1.094
1.090
1.162
1.182
1.182
1.174
1.150
1.046
1.110
1.134
1.122
0.998
1.074
1.146
1.134
0.978
1.066
1.194
1.106
1.078
1.054
0.958
0.982
0.962
0.862
0.830
0.810
0.806
0.818
0.830
0.846
0.774
0.742
0.770
0.826
0.970
1.038
1.014
0.950
0.914
0.925
0.937
0.929
0.897
0.905
0.937
0.937
0.893
0.865
0.885
0.913
0.949
1.005
0.997
0.945
0.953
0.997
0.989
0.997
1.025
1.033
0.981
0.917
0.957
0.941
0.977
1.105
1.037
0.945
1.069
1.121
1.081
1.101
1.017
1.129
1.177
1.161
1.101
1.049
1.125
1.141
1.101
1.029
1.117
1.133
1.065
1.033
1.145
1.185
1.137
1.137
1.132
1.020
1.004
1.000
0.968
1.016
1.100
0.996
1.128
1.156
1.052
1.020
1.052
1.012
1.020
1.072
1.132
1.084
0.908
0.824
0.852
0.964
0.920
0.996
1.112
1.116
1.020
1.060
1.032
1.044
1.076
1.100
1.100
1.096
0.996
1.104
1.136
1.108
0.960
1.056
1.136
1.152
1.080
1.136
1.056
1.084
1.080
1.060
0.980
1.056
1.136
1.135
1.083
1.103
1.147
1.127
1.087
1.143
1.131
1.067
1.123
1.115
1.083
1.095
1.095
1.075
1.107
1.091
1.035
0.923
1.035
1.155
1.115
1.055
1.123
1.139
1.063
1.019
1.087
1.119
1.019
1.079
1.107
1.035
1.031
1.091
1.099
1.039
1.019
1.115
1.127
1.071
1.083
1.103
1.079
1.047
1.059
1.035
1.111
1.099
1.007
1.023
1.070
1.074
0.994
1.082
1.082
0.982
0.942
1.054
1.090
1.030
1.094
1.062
1.126
1.146
1.106
0.994
1.058
1.118
1.066
1.110
1.122
1.038
1.006
1.062
0.938
1.034
1.138
1.066
1.118
1.134
1.090
1.054
1.126
1.126
1.130
1.034
1.034
1.074
1.134
1.126
1.102
1.154
1.006
0.962
1.082
1.154
1.046
1.138
1.154
1.094
0.973
1.077
1.141
1.137
1.125
1.097
1.025
1.157
1.153
1.125
1.073
1.017
1.157
1.173
1.157
1.141
1.069
1.153
1.157
1.121
0.993
1.069
1.189
1.169
1.105
1.137
1.145
1.089
1.125
1.097
1.033
1.109
1.097
1.041
1.041
1.117
1.089
1.057
1.113
1.101
1.009
1.081
1.105
1.065
1.025
1.121
1.125
1.053
1.125
1.121
1.081
0.972
1.008
1.124
1.112
0.980
1.052
1.120
1.076
1.044
1.068
1.076
0.976
1.008
1.080
1.044
1.032
1.048
1.044
1.000
1.092
1.100
0.988
1.044
1.100
1.104
1.096
1.028
1.036
1.080
1.004
0.984
1.192
1.180
1.020
1.144
1.144
1.060
0.976
1.108
1.156
1.076
1.116
1.124
1.132
1.120
1.132
1.148
1.136
1.124
1.068
1.008
0.911
0.863
0.891
1.015
1.055
0.991
0.847
0.795
0.783
0.883
1.075
1.111
1.039
0.987
1.103
1.155
1.139
1.067
1.071
1.167
1.171
1.071
1.059
1.135
1.115
1.003
1.171
1.183
1.027
1.091
1.163
1.167
1.011
1.159
1.175
1.143
0.959
1.039
1.147
1.087
1.103
1.175
1.147
1.027
1.131
1.159
1.035
1.239
1.235
1.199
1.214
1.206
1.162
1.094
1.178
1.194
1.154
1.158
1.166
1.110
1.046
1.070
1.122
1.150
0.998
1.074
1.150
1.114
1.150
1.166
1.138
1.138
1.146
1.126
1.062
1.134
1.154
1.134
1.194
1.194
1.138
1.126
1.134
1.090
1.050
1.106
1.086
0.958
1.118
1.162
1.070
1.102
1.146
1.070
1.066
1.118
1.102
1.182
1.142
1.086
1.134
1.117
1.017
1.105
1.125
1.017
0.933
1.125
1.141
1.017
1.113
1.145
1.077
1.097
1.121
1.081
1.097
1.133
1.105
1.045
0.977
1.029
1.057
0.949
1.025
1.045
0.977
0.885
0.921
0.969
0.985
0.905
0.957
1.041
1.057
1.009
1.085
1.105
1.089
0.965
0.973
1.057
1.089
0.977
1.269
1.225
1.081
1.173
1.193
1.129
1.061
1.169
1.140
1.020
1.132
1.156
1.144
1.096
1.108
1.120
1.092
1.104
1.152
1.152
1.084
1.116
1.132
0.996
1.088
1.188
1.152
1.000
0.992
1.216
1.176
1.084
1.200
1.180
1.136
1.196
1.168
1.080
1.060
1.112
1.044
1.040
1.160
1.148
1.108
1.112
1.084
1.052
1.020
1.164
1.136
1.088
0.980
1.148
1.128
0.992
0.836
0.792
0.903
1.311
1.227
1.223
1.195
1.095
1.047
1.171
1.171
1.179
1.179
1.167
1.143
1.123
1.075
0.971
1.087
1.159
1.059
0.999
0.967
0.959
0.959
0.895
0.927
0.923
0.891
0.847
0.907
0.995
1.015
1.007
0.991
0.987
0.991
1.027
1.043
0.975
0.983
1.015
1.031
0.967
1.075
1.091
0.943
0.939
1.119
1.135
1.039
1.119
1.155
1.062
1.138
1.138
1.078
1.158
1.146
1.074
1.110
1.110
1.050
1.066
1.138
1.110
1.138
1.166
1.106
1.146
1.146
1.094
1.102
1.122
1.074
1.006
1.142
1.158
1.078
1.106
1.142
1.146
1.122
1.146
1.078
1.010
1.094
1.126
1.018
1.082
1.126
1.078
1.142
1.158
1.082
1.114
1.118
1.058
1.102
1.054
0.926
1.114
1.046
0.974
1.081
1.049
1.161
1.145
1.089
1.153
1.129
1.105
1.137
1.149
1.101
1.117
1.117
1.093
1.129
1.133
1.041
1.089
1.113
1.109
1.045
1.081
1.089
1.053
1.137
1.157
1.069
1.133
1.169
1.077
1.129
1.177
1.105
1.081
1.121
1.069
1.005
1.117
1.089
0.917
1.049
0.957
1.073
1.181
1.165
1.161
1.181
1.125
1.073
1.129
1.085
1.032
1.096
1.100
1.052
1.072
1.040
1.112
1.136
1.068
1.056
1.080
1.072
1.044
1.084
1.080
1.008
0.964
0.996
1.004
0.968
1.096
1.108
1.040
1.044
1.060
1.056
1.036
0.856
0.828
0.816
0.876
1.012
1.060
1.076
1.004
1.024
0.912
0.912
0.864
0.928
1.056
1.072
1.092
1.028
1.008
1.132
1.040
1.008
1.056
1.112
1.075
0.943
0.895
0.843
0.911
1.047
1.055
1.135
1.087
1.099
1.095
1.115
1.011
0.979
0.907
0.983
1.095
1.111
1.035
1.127
1.103
1.123
1.131
1.083
1.067
1.047
1.071
1.107
1.111
1.111
1.003
0.983
0.951
1.019
1.003
0.927
0.883
0.819
0.867
0.907
0.875
0.767
0.747
0.703
0.695
0.707
0.691
0.719
0.803
0.823
0.839
0.838
0.786
0.802
0.810
0.810
0.814
0.822
0.826
0.802
0.774
0.786
0.818
0.854
0.906
0.946
0.974
0.998
1.030
0.942
0.950
1.102
1.162
1.142
1.110
1.002
1.158
1.150
1.138
1.066
1.174
1.166
1.126
1.242
1.210
1.202
1.138
1.150
1.222
1.198
1.106
1.030
1.206
1.186
1.122
1.182
1.190
1.150
1.114
1.142
1.154
1.046
1.137
1.165
1.125
1.101
1.133
1.125
1.097
1.137
1.137
1.053
1.133
1.137
1.065
1.089
1.085
1.049
1.013
1.145
1.133
1.053
1.081
0.997
0.945
0.861
0.853
1.245
1.189
1.153
1.069
1.121
1.121
1.037
1.105
1.121
1.069
1.085
1.097
1.109
1.061
1.097
1.105
1.025
1.069
1.105
1.053
1.097
1.109
1.017
0.993
1.033
1.068
0.996
1.028
0.984
0.980
1.124
1.148
1.064
1.104
1.088
0.988
1.112
1.136
1.076
1.076
1.096
1.056
1.056
1.068
1.048
1.016
0.892
1.000
1.168
1.168
1.124
1.080
1.048
1.068
1.036
0.940
0.996
1.064
1.080
0.996
0.988
1.072
1.068
0.984
1.064
1.092
1.028
1.096
1.092
1.096
1.008
1.052
1.124
1.104
1.088
1.076
1.139
1.103
1.039
0.911
0.999
1.183
1.107
0.999
1.191
1.123
0.951
1.127
1.155
1.071
1.119
1.127
1.071
1.055
1.103
1.079
1.023
1.107
1.079
1.095
1.095
1.043
1.071
1.111
1.099
1.055
1.091
1.083
1.031
1.003
1.123
1.119
0.999
1.071
1.095
0.999
1.055
1.027
1.051
0.999
0.927
0.863
0.935
1.135
1.059
1.015
1.131
1.134
1.074
1.098
1.150
1.126
1.050
1.086
1.090
1.070
1.054
1.098
1.098
1.078
1.106
1.058
1.034
1.118
1.082
1.022
1.074
1.018
0.950
1.102
1.094
1.018
1.106
1.102
1.070
1.078
1.094
1.066
1.070
1.082
1.086
1.122
1.038
0.978
1.046
1.170
1.070
0.874
0.902
0.930
0.806
0.806
0.790
0.786
0.814
0.946
0.906
0.981
1.021
0.925
0.933
0.981
1.017
0.973
0.913
1.013
1.105
1.093
1.057
1.101
1.093
1.041
1.093
1.097
1.049
1.073
1.097
1.049
1.045
1.081
1.049
1.021
1.125
1.089
1.013
1.077
1.065
0.981
1.097
1.125
1.029
1.089
1.129
1.049
1.133
1.133
1.097
0.981
1.153
1.177
1.113
1.145
1.157
1.073
1.137
1.141
1.081
1.113
1.120
1.076
1.108
1.124
1.096
1.052
1.120
1.120
0.976
1.072
1.144
1.084
1.068
1.100
1.052
0.968
1.092
1.108
1.028
1.144
1.172
1.128
1.136
1.120
1.032
1.068
1.100
1.040
1.056
1.100
1.076
1.004
1.044
1.036
0.960
1.076
1.096
1.064
0.932
1.032
1.132
1.100
1.080
1.120
1.104
1.060
1.120
1.120
1.060
1.104
0.992
0.943
1.055
1.143
1.127
1.039
1.111
1.139
1.055
1.107
1.083
1.087
1.091
1.091
1.003
1.027
0.987
0.935
1.095
1.159
1.111
1.119
1.111
1.095
1.047
1.083
1.079
1.019
1.083
1.063
0.991
0.983
1.047
1.015
0.851
0.767
0.727
0.699
0.683
0.699
0.695
0.695
0.687
0.715
0.759
0.815
0.823
0.759
0.727
0.767
0.851
0.931
0.958
0.930
0.842
0.906
1.038
1.106
1.094
0.990
1.098
1.146
1.130
0.994
1.126
1.126
1.086
1.038
1.210
1.198
1.098
1.162
1.190
1.138
1.026
1.106
1.150
1.146
1.074
1.194
1.174
1.134
1.186
1.170
1.130
0.950
1.038
1.178
1.046
1.086
1.190
1.162
1.142
1.166
1.130
1.086
1.154
1.142
1.102
1.162
1.162
1.138
1.061
1.157
1.201
1.153
1.109
1.145
1.121
1.121
1.157
1.137
1.085
1.153
1.161
1.073
1.125
1.129
1.077
1.081
1.117
1.089
1.029
1.105
1.109
1.033
1.097
1.057
0.953
0.865
0.965
1.189
0.993
1.113
1.169
1.053
1.053
1.117
1.085
1.065
1.169
1.129
1.081
1.033
1.085
1.121
1.117
1.113
1.049
1.097
1.125
1.129
1.105
1.008
1.004
1.080
1.156
0.996
1.040
1.140
1.124
0.932
0.920
0.968
1.000
0.896
0.872
0.896
0.804
0.780
0.796
0.916
0.852
0.840
1.116
1.104
0.984
0.904
1.012
1.088
1.072
0.988
0.984
1.060
1.076
0.996
0.944
0.996
1.052
0.872
0.968
1.196
1.140
1.080
1.152
1.140
1.100
1.012
1.080
1.148
1.052
1.144
1.180
1.144
1.107
1.111
1.103
1.083
1.087
1.099
1.103
1.111
1.039
0.915
1.291
1.163
1.027
1.203
1.151
0.975
1.119
1.139
1.107
1.147
1.155
1.123
1.067
1.159
1.175
1.151
1.115
1.179
1.131
1.095
1.011
0.991
1.291
1.235
1.155
1.187
1.167
1.115
1.131
1.187
1.131
1.063
0.863
0.851
1.375
1.231
1.119
1.155
1.211
1.163
1.051
1.035
1.135
1.123
1.076
1.188
1.176
1.164
1.160
1.168
1.180
1.132
1.092
1.008
1.072
1.152
1.136
1.112
1.144
1.108
0.964
1.120
1.192
1.092
1.004
1.132
1.144
0.988
1.040
1.152
1.136
1.024
1.152
1.168
1.192
1.204
1.180
1.140
1.088
1.004
1.208
1.220
1.184
1.177
1.129
1.181
1.145
1.069
0.949
1.269
1.193
1.001
1.217
1.145
0.969
1.089
1.193
1.157
1.053
1.161
1.181
1.137
1.057
1.105
1.077
0.973
1.025
1.153
1.105
0.961
1.157
1.193
1.189
1.185
1.165
1.157
1.177
1.109
1.177
1.193
1.177
1.038
0.998
1.122
1.130
1.038
1.134
1.174
1.130
1.154
1.170
1.110
1.150
1.162
1.174
1.162
1.138
1.138
1.130
1.130
1.082
1.158
1.146
0.938
1.286
1.238
1.022
1.246
1.186
1.066
1.118
1.218
1.214
1.146
1.114
1.126
1.022
1.206
1.210
1.170
1.207
1.187
1.203
1.199
1.175
1.139
0.995
0.931
1.095
1.127
0.959
0.943
0.963
1.027
0.935
0.839
0.891
1.195
1.003
0.851
0.827
0.923
0.899
1.063
1.131
1.131
1.075
0.979
1.055
1.119
1.099
1.003
0.971
1.103
1.115
1.119
0.959
1.035
1.135
1.128
1.068
1.076
1.084
1.100
1.052
1.056
1.060
1.040
1.124
1.128
1.120
1.080
0.920
1.008
1.224
1.188
1.136
1.012
1.056
1.184
1.004
0.968
1.204
1.192
0.984
1.152
1.204
1.144
0.972
1.132
1.144
1.136
1.028
1.112
1.180
1.160
1.076
1.181
1.173
1.053
1.113
1.149
1.081
1.061
1.085
1.093
1.081
1.117
1.125
1.093
1.121
1.101
1.085
1.109
1.073
1.097
1.157
1.125
1.021
1.137
1.117
0.949
1.077
1.177
1.133
1.161
1.197
1.177
1.145
1.125
1.137
1.169
1.133
1.149
1.133
1.161
1.126
1.098
1.146
1.110
0.950
0.826
0.890
1.418
1.090
1.206
1.258
1.086
1.170
1.226
1.194
1.074
1.210
1.210
1.122
1.066
1.102
1.014
0.958
0.874
0.814
0.838
1.182
1.134
1.114
1.058
0.886
0.922
0.982
0.906
0.830
0.790
0.774
0.894
0.954
1.271
1.263
1.107
1.167
1.183
1.163
1.139
1.023
1.075
1.159
1.175
1.131
1.187
1.183
1.139
1.135
1.135
1.055
1.039
1.091
1.087
0.971
1.119
1.023
1.215
1.203
1.151
1.167
1.163
1.167
1.175
1.171
1.191
1.167
1.083
0.911
1.235
1.227
1.008
1.160
1.224
1.168
1.220
1.196
1.212
1.196
1.228
1.220
1.204
1.152
0.984
0.976
1.240
1.180
1.060
1.204
1.216
1.216
1.224
1.196
1.196
1.172
1.164
1.140
1.020
1.028
0.972
0.948
0.896
0.872
0.972
1.060
0.884
0.920
0.948
0.924
0.832
0.801
0.769
0.777
0.837
0.877
0.833
0.901
1.017
1.081
1.045
0.953
0.997
1.057
0.933
0.941
1.053
1.061
0.917
1.001
1.161
1.133
1.017
1.081
1.129
1.021
1.117
1.141
1.045
1.001
1.117
1.141
1.101
1.077
1.173
1.165
1.129
1.185
1.153
1.073
1.134
1.114
0.990
1.174
1.158
1.110
1.070
1.166
1.122
1.062
1.170
1.134
0.894
0.814
0.866
1.306
1.198
1.202
1.194
1.162
1.098
1.194
1.186
1.142
1.114
1.034
1.110
1.222
1.170
1.086
1.134
1.126
1.026
1.110
1.142
1.138
1.042
1.066
1.131
1.135
1.015
1.167
1.175
1.163
1.075
1.123
1.119
1.103
1.003
1.147
1.187
1.171
1.035
1.123
1.127
1.135
0.983
0.999
0.999
0.943
0.871
0.795
0.751
0.719
0.715
0.691
0.675
0.671
0.687
0.723
0.787
0.811
0.823
0.835
0.855
0.803
0.803
0.824
0.828
0.800
0.816
0.820
0.840
0.820
0.820
0.832
0.844
0.788
0.760
0.772
0.828
1.104
1.124
1.024
1.096
1.148
1.152
1.144
1.092
0.980
1.136
1.220
1.192
1.104
1.168
1.220
1.196
1.060
1.160
1.220
1.220
1.080
1.048
1.100
1.044
1.188
1.173
0.997
1.033
1.185
0.981
1.037
1.181
1.149
1.121
1.061
0.997
1.085
1.101
1.041
1.025
1.101
1.065
1.041
0.905
0.941
1.109
1.097
1.113
1.041
0.949
0.981
1.037
0.865
0.857
1.021
1.125
1.029
1.101
1.141
1.137
1.121
0.997
1.081
1.150
1.150
1.014
1.114
1.178
1.082
1.162
1.110
1.110
0.998
0.954
1.018
1.162
1.158
1.130
1.150
1.146
1.126
1.174
1.102
1.138
1.102
1.178
1.158
1.094
0.998
1.014
1.158
1.162
1.202
1.186
1.170
1.170
1.162
1.114
1.066
1.134
1.086
1.142
1.155
1.167
1.123
1.023
1.131
1.191
1.175
1.183
1.159
1.111
1.035
1.279
1.263
1.187
1.215
1.211
1.151
1.055
1.171
1.167
1.107
1.183
1.171
1.167
1.135
1.123
1.155
1.087
1.087
1.123
1.159
1.031
1.075
1.207
1.155
1.083
1.147
1.079
1.127
1.108
1.084
1.092
1.064
1.008
0.976
1.096
1.120
0.972
1.028
1.164
1.176
1.172
1.084
1.020
1.120
1.136
1.032
1.132
1.168
1.168
1.104
1.120
1.144
1.056
1.120
1.084
1.092
1.008
0.888
0.900
0.900
0.940
1.164
1.168
1.040
1.032
1.104
1.125
1.073
1.021
1.129
1.145
1.085
1.045
1.149
1.189
1.169
1.073
1.085
1.005
0.869
0.941
1.165
1.133
1.253
1.205
1.193
1.145
1.101
1.101
1.133
1.117
1.129
1.181
1.189
1.161
1.149
1.077
1.161
1.173
1.033
1.089
1.157
1.221
1.117
1.165
1.190
1.222
1.182
1.094
1.178
1.174
1.158
1.114
1.126
1.178
1.050
0.926
0.942
0.946
0.994
1.006
1.174
1.082
1.150
1.110
1.118
1.114
1.094
1.174
1.190
1.158
1.062
1.146
1.170
1.106
1.102
1.154
1.134
1.070
1.162
1.186
1.178
1.054
1.058
1.003
1.091
1.087
1.135
1.183
1.171
1.151
1.135
1.063
1.103
1.099
1.075
1.123
1.099
1.095
1.095
1.007
1.059
1.139
1.115
1.027
1.015
0.939
1.099
1.075
1.123
1.163
1.131
1.123
1.135
1.143
1.131
1.171
1.167
1.123
0.951
0.875
0.883
1.080
1.084
1.136
1.024
0.924
0.960
0.860
0.836
0.920
1.036
1.004
0.912
1.028
1.108
1.028
0.944
1.020
1.072
0.968
0.984
1.084
1.116
1.016
1.036
1.160
1.124
1.040
1.152
1.152
1.032
1.104
1.176
1.176
1.176
1.064
1.076
1.012
1.160
1.200
1.153
1.049
1.129
1.181
1.117
1.125
1.077
1.077
1.113
1.065
1.137
1.165
1.129
1.077
1.145
1.125
1.057
1.117
1.093
1.041
1.153
1.169
1.109
1.117
1.097
1.033
1.113
1.149
1.089
1.165
1.133
0.989
1.069
0.985
1.077
1.169
1.165
1.069
1.109
1.158
1.062
1.010
1.102
1.130
1.122
1.126
0.994
1.046
0.990
0.846
0.830
1.234
1.070
1.138
1.186
1.174
1.042
1.098
1.142
1.158
1.038
1.082
1.198
1.166
1.038
1.126
1.206
1.234
1.106
1.142
1.150
1.178
1.146
1.126
1.082
1.042
1.118
1.075
1.075
1.135
1.139
1.127
1.019
1.027
1.127
1.159
1.059
1.023
1.155
1.139
0.899
0.871
1.087
1.015
1.187
1.111
1.059
1.207
1.119
1.107
1.043
1.043
1.155
1.183
1.155
1.063
1.171
1.211
1.191
1.111
1.155
1.135
1.071
1.067
1.163
1.203
1.192
1.100
1.160
1.172
1.128
1.036
1.124
1.124
1.076
1.016
0.868
0.888
0.892
1.068
1.204
1.220
1.172
1.124
1.036
1.072
1.208
1.220
1.188
1.080
1.136
1.180
1.188
1.088
1.164
1.184
1.152
1.048
1.148
1.180
1.176
1.080
1.168
1.180
1.104
1.093
1.185
1.153
1.037
1.141
1.169
1.097
1.149
1.145
1.121
1.033
1.145
1.193
1.137
1.089
1.137
1.113
1.037
1.117
1.133
1.093
0.985
1.133
1.197
1.121
0.993
1.093
1.157
1.145
0.997
1.073
1.145
1.065
1.129
1.193
1.165
1.089
1.153
1.150
1.058
1.098
1.130
1.106
1.010
1.070
1.150
1.146
1.086
1.142
1.134
1.050
1.074
1.066
0.970
1.042
1.146
1.118
1.070
1.142
1.118
1.082
1.142
1.142
1.046
1.094
1.110
1.134
1.070
1.118
1.134
1.070
1.130
1.146
1.094
1.150
1.114
1.006
1.127
1.179
1.195
1.139
1.135
1.191
1.187
1.135
1.123
1.123
1.075
1.015
1.031
1.159
1.171
1.119
1.155
1.131
1.007
1.111
0.975
0.919
0.927
0.959
0.887
0.899
1.003
1.079
0.947
0.839
0.883
1.123
1.107
1.063
1.091
1.095
1.107
1.095
1.007
1.040
1.176
1.188
1.176
1.060
0.996
1.084
1.152
1.136
1.000
1.104
1.196
1.160
1.064
1.112
1.128
1.136
1.000
1.016
1.100
1.060
1.052
1.116
1.076
0.976
1.072
1.108
1.108
1.032
1.068
1.132
1.092
1.012
1.052
1.076
1.020
0.964
1.032
1.121
1.021
1.153
1.153
1.137
1.009
1.065
1.141
1.141
1.041
1.085
1.101
0.989
1.045
1.145
1.141
1.021
1.081
1.157
1.097
1.009
1.121
1.185
1.161
1.069
1.065
1.133
1.121
0.997
1.065
1.129
1.093
1.025
1.093
1.109
1.025
1.081
1.069
0.997
1.046
1.094
1.082
0.978
1.038
1.082
1.074
1.066
0.962
1.090
1.150
1.110
0.994
0.946
0.846
0.822
0.942
0.930
1.190
1.186
1.074
1.042
1.118
1.086
0.982
1.086
1.150
0.986
1.118
1.098
1.066
1.082
0.986
0.982
0.958
0.934
0.890
1.006
1.102
0.971
1.027
1.011
0.951
0.899
0.875
0.943
1.023
1.031
0.999
1.027
1.035
1.083
1.075
1.019
1.023
0.947
0.955
1.131
1.179
1.147
1.147
1.131
1.075
1.059
1.171
1.159
0.915
0.839
0.891
1.283
1.239
1.179
1.111
1.243
1.191
1.099
1.179
1.204
1.192
1.220
1.188
1.128
1.180
1.156
1.128
1.028
1.152
1.176
1.140
1.216
1.196
1.128
1.096
1.156
1.192
1.112
1.144
1.148
1.104
1.060
1.148
1.176
1.100
1.152
1.172
1.136
1.020
1.092
1.108
1.032
1.108
1.208
1.172
1.172
1.088
1.000
1.101
1.149
1.097
1.137
1.137
1.129
1.117
1.049
1.085
1.081
1.017
0.909
1.013
1.193
1.149
1.097
1.005
1.089
1.149
1.145
1.009
1.005
1.133
1.181
1.089
1.089
1.177
1.161
1.013
1.041
1.089
1.093
1.053
1.073
1.069
0.933
0.977
1.145
1.138
1.110
1.082
0.946
1.014
1.102
1.114
1.010
1.034
1.146
1.142
1.086
1.126
1.142
1.122
1.058
1.114
1.138
1.102
0.946
0.990
0.958
1.086
1.178
1.130
1.098
1.102
1.002
1.054
1.018
0.862
0.874
1.198
1.178
1.066
1.170
1.170
1.154
1.130
1.031
1.051
1.139
1.147
1.143
1.143
1.019
1.155
1.215
1.167
1.023
1.127
1.215
1.207
1.123
1.115
1.207
1.179
1.087
1.163
1.195
1.175
1.111
1.059
1.127
1.155
1.107
1.043
1.187
1.159
1.087
0.991
1.131
1.175
1.059
1.163
1.183
1.167
1.151
1.124
1.136
1.164
1.164
1.120
1.056
1.164
1.192
1.180
1.080
1.112
1.164
1.160
1.152
1.112
1.124
1.148
1.096
1.068
1.260
1.220
1.104
1.140
1.212
1.148
1.052
1.200
1.192
1.116
1.140
1.180
1.184
1.108
1.156
1.228
1.168
1.208
1.188
1.169
1.081
1.165
1.197
1.153
1.097
1.153
1.189
1.097
1.125
1.153
1.153
1.157
1.085
1.117
1.161
1.185
1.105
1.149
1.181
1.153
1.049
1.121
1.181
1.177
1.109
1.093
1.157
1.145
1.005
1.081
1.173
1.125
1.021
1.169
1.205
1.125
1.165
1.169
1.150
1.074
1.166
1.198
1.194
1.142
1.110
1.186
1.118
0.898
0.862
1.038
1.078
1.086
1.186
1.174
1.026
1.158
1.154
1.070
1.014
1.110
1.134
1.018
1.074
1.162
1.142
1.022
1.066
1.114
1.086
1.130
1.194
1.166
1.070
1.166
1.194
1.106
0.926
0.959
1.187
1.071
1.059
1.187
1.175
1.059
1.079
1.115
1.143
1.131
0.987
1.055
1.163
1.119
1.071
1.135
1.147
1.103
0.995
1.103
1.143
1.131
1.011
1.119
1.131
1.047
0.935
1.027
1.147
1.103
0.959
1.079
1.155
1.059
1.107
1.119
1.031
1.060
1.128
1.108
1.012
1.120
1.136
1.040
0.960
1.100
1.140
1.132
1.000
1.016
1.120
1.144
1.104
0.988
1.100
1.164
1.164
1.132
1.024
1.096
1.152
1.116
1.004
1.028
1.124
1.156
1.076
1.092
1.176
1.152
1.132
0.988
1.000
1.160
1.124
1.068
1.165
1.177
1.017
1.073
1.169
1.137
1.005
1.133
1.169
1.133
1.077
1.165
1.165
1.093
1.113
1.145
1.125
1.101
0.909
0.813
0.821
1.317
1.197
1.173
1.161
1.121
0.989
0.965
1.085
1.177
1.169
1.161
1.153
1.073
0.977
1.085
1.141
1.141
1.021
1.002
1.126
1.186
1.174
1.058
1.102
1.142
1.110
1.078
0.962
1.058
1.186
1.146
1.098
1.182
1.162
1.178
1.146
1.158
1.142
1.082
0.994
1.054
1.114
1.106
0.970
1.090
1.138
1.046
0.966
0.986
0.918
0.874
0.870
0.890
0.882
0.902
0.990
1.071
1.051
1.039
1.055
1.051
0.971
0.959
1.111
1.151
1.083
1.059
1.031
1.135
1.151
1.043
0.939
0.887
0.859
0.871
0.855
0.851
0.803
0.791
0.779
0.759
0.771
0.819
0.959
1.047
1.083
1.091
1.015
1.027
1.051
1.063
1.019
1.003
1.047
1.119
1.064
1.036
1.228
1.228
1.236
1.228
1.216
1.112
1.208
1.196
1.156
0.992
1.212
1.244
1.144
1.192
1.216
1.212
1.076
1.164
1.216
1.180
1.084
1.228
1.212
1.120
1.120
1.196
1.204
1.144
1.028
1.168
1.192
1.132
1.068
1.156
1.180
1.124
1.144
1.121
0.997
1.125
1.197
1.149
0.993
1.065
1.201
1.181
1.081
1.153
1.089
1.037
0.949
0.905
1.005
1.157
1.129
1.109
1.097
1.093
1.093
1.085
0.957
0.853
0.801
0.785
1.321
1.097
1.169
1.213
1.161
0.965
0.977
1.125
1.117
1.085
1.033
1.174
1.214
1.106
1.102
1.166
1.158
1.030
1.146
1.194
1.166
0.986
1.126
1.166
1.106
1.078
1.150
1.182
1.162
1.022
1.026
1.126
1.154
1.114
0.998
1.018
1.130
1.174
1.110
1.018
1.066
1.098
1.094
0.954
1.002
1.130
1.078
0.994
1.050
1.138
1.051
0.991
1.075
1.027
1.047
1.135
1.151
1.067
1.007
1.047
1.083
1.103
0.963
1.055
1.139
1.099
0.863
0.771
0.787
0.731
0.707
0.703
0.739
0.815
0.871
0.779
0.791
0.883
0.963
0.859
0.879
0.907
0.935
0.943
0.891
0.839
0.843
0.875
0.911
0.864
0.852
0.884
1.120
1.128
1.028
0.888
0.936
1.172
0.992
0.908
1.036
1.200
1.188
1.036
0.944
1.024
1.224
1.208
1.116
0.964
0.980
1.176
1.024
1.028
1.028
0.848
0.924
0.908
0.964
0.944
0.848
0.864
0.968
0.968
0.844
0.772
0.780
1.205
0.957
0.837
0.833
1.169
1.037
0.993
1.009
0.945
0.889
0.929
0.981
0.981
0.925
0.981
1.021
0.925
0.945
1.057
1.009
0.881
0.905
1.077
1.001
0.873
0.889
1.177
0.965
0.961
0.993
1.037
0.953
0.957
0.953
0.957
0.945
0.873
0.933
0.913
0.858
0.950
1.170
0.990
1.014
1.062
0.986
0.958
1.002
0.978
0.910
0.970
1.050
0.922
0.846
0.858
1.046
0.990
0.870
0.874
1.038
0.978
0.914
1.022
0.922
0.854
0.878
0.918
0.914
0.902
1.058
1.002
0.918
0.934
0.962
0.962
0.910
0.978
0.978
0.943
0.859
0.879
0.951
0.967
0.879
0.935
0.931
0.855
0.791
0.795
0.995
1.083
0.979
1.011
1.083
1.023
0.983
1.007
1.031
0.999
1.031
1.043
1.047
0.983
1.019
0.943
0.939
1.099
1.123
1.019
1.027
0.983
0.947
0.935
0.895
0.867
0.859
0.940
1.308
1.056
0.920
0.936
1.340
1.152
0.980
0.980
1.016
0.972
0.916
0.964
1.392
1.140
0.960
1.036
1.120
0.992
0.972
1.340
1.104
1.064
1.156
1.144
1.028
0.980
1.104
1.196
1.096
1.144
1.112
1.092
1.108
1.116
1.056
1.068
1.164
1.180
1.037
1.077
1.129
1.041
1.001
1.141
1.141
1.017
1.081
1.117
1.017
1.013
1.085
1.085
0.989
1.025
1.029
0.977
0.973
1.013
1.269
1.037
1.117
1.089
1.069
0.993
1.017
1.045
0.997
1.053
1.109
1.013
1.009
1.133
1.109
1.053
1.093
1.153
1.061
0.954
0.930
0.994
1.102
1.010
1.070
1.098
1.110
1.066
1.138
1.090
0.998
0.998
0.970
0.962
0.922
0.954
1.406
1.166
1.070
1.134
1.130
1.010
0.890
0.862
0.878
1.186
0.978
0.906
0.922
0.946
1.342
1.158
1.110
1.142
1.118
1.066
1.042
1.019
0.947
0.919
1.031
1.311
1.031
1.039
1.183
1.095
1.015
1.059
1.163
1.055
1.007
1.095
1.167
1.139
1.131
1.011
1.035
1.031
0.979
1.007
1.383
1.167
1.171
1.143
1.035
0.951
0.987
1.359
1.099
1.131
1.255
1.155
1.159
1.175
1.071
1.051
1.108
1.112
1.024
1.088
1.136
1.020
1.040
1.084
1.056
0.984
1.048
1.088
1.000
1.024
1.076
1.076
1.016
1.092
1.096
0.956
0.988
1.012
1.036
1.060
1.220
1.128
1.052
1.132
1.064
1.000
1.052
1.188
0.984
1.012
1.060
1.144
1.156
1.112
0.988
0.977
1.073
1.053
0.941
0.913
0.985
1.313
1.053
1.037
1.077
1.033
1.061
1.105
1.053
0.997
1.033
1.033
0.981
1.061
1.021
1.073
1.037
0.973
1.005
1.017
0.989
0.937
1.025
1.257
0.961
0.901
0.921
1.321
1.157
1.109
1.029
1.061
0.981
0.906
0.878
0.870
1.030
1.454
1.278
1.262
1.194
1.086
1.006
1.034
1.166
1.166
1.126
1.098
1.042
0.970
1.002
1.090
1.118
1.106
1.102
1.038
1.050
1.090
1.034
0.990
1.006
1.078
1.082
1.102
1.106
1.158
1.206
1.098
1.046
0.958
0.914
0.938
1.059
1.087
0.971
1.035
1.219
0.991
0.947
1.043
1.111
0.995
0.947
0.995
0.927
0.907
0.939
0.987
1.063
1.019
0.915
0.911
0.907
0.915
0.915
0.891
0.879
0.875
0.867
0.855
0.871
0.867
0.871
0.887
0.887
0.879
0.879
0.879
0.855
0.839
0.823
0.828
0.840
0.840
0.820
0.820
0.888
1.240
1.160
1.112
1.000
0.916
0.940
1.008
1.020
0.968
0.924
0.964
1.120
1.132
1.008
1.072
1.048
1.032
0.984
1.028
1.056
1.024
0.992
1.032
1.012
1.024
0.980
1.000
1.044
1.080
1.000
0.964
0.980
1.049
1.077
0.993
1.037
1.173
1.085
0.989
1.005
1.161
1.161
1.001
1.001
1.077
1.053
0.969
0.997
1.321
1.149
1.077
1.149
1.193
1.089
1.049
1.129
1.113
1.033
1.061
1.177
1.165
1.021
1.045
1.053
1.081
1.009
1.101
1.173
1.149
1.017
1.049
1.094
1.150
1.094
1.114
1.030
0.998
1.142
1.142
1.034
0.990
1.122
1.082
0.966
1.018
1.170
1.102
0.998
1.082
1.138
1.022
0.970
0.982
1.030
1.082
1.002
1.010
1.286
1.122
1.062
1.094
1.106
1.050
1.034
1.066
1.050
0.986
1.022
1.078
1.094
1.003
1.043
1.095
1.003
1.003
0.999
0.971
0.915
0.891
0.867
0.843
0.851
0.863
0.879
0.943
0.995
0.935
0.903
0.967
1.079
0.931
0.939
0.963
0.951
0.895
0.899
0.915
0.967
0.979
0.991
0.995
0.999
0.919
0.955
1.015
0.983
0.947
0.903
0.932
1.088
1.144
1.004
0.980
0.988
0.964
0.924
0.948
1.116
1.140
1.004
1.044
1.000
0.952
0.992
1.036
1.056
1.008
0.944
0.900
0.920
1.332
1.060
0.956
0.908
0.872
0.860
0.860
0.948
0.936
0.916
0.892
0.896
1.248
0.960
0.992
1.056
1.004
1.009
1.049
1.037
1.045
1.005
0.977
0.953
0.981
1.025
0.969
0.965
0.985
0.961
0.941
0.953
1.049
1.117
0.989
0.957
1.029
1.169
0.997
1.005
1.053
1.069
0.993
1.029
1.085
1.057
0.985
0.989
1.049
1.117
1.049
1.025
1.093
1.125
1.097
1.089
1.090
1.098
1.030
1.014
1.098
1.038
0.966
0.958
0.958
0.922
0.926
0.906
0.874
0.886
0.910
1.070
1.310
1.042
1.022
1.062
1.082
1.030
0.994
1.102
1.142
1.142
1.110
1.118
1.098
1.034
0.990
0.950
0.986
1.234
1.218
1.034
1.002
1.006
0.971
0.947
0.959
0.975
0.963
0.971
1.003
0.987
0.951
0.983
0.983
0.995
0.963
0.987
0.999
1.035
1.011
1.039
1.023
0.999
0.967
0.991
1.075
1.167
1.123
1.099
1.071
1.043
0.983
1.011
1.043
1.099
0.991
1.035
1.151
1.003
0.943
0.979
1.391
1.232
1.052
1.128
1.164
1.036
0.984
1.032
1.352
1.196
1.060
1.108
1.256
1.132
1.076
1.076
1.084
1.064
1.008
1.004
1.348
1.152
1.036
1.020
1.180
1.108
1.036
1.048
1.104
1.068
0.968
0.968
1.068
1.156
1.084
1.056
1.096
1.092
1.008
1.028
1.097
1.101
1.001
1.045
1.173
1.153
1.049
1.077
1.069
1.001
0.977
1.037
1.113
1.005
1.013
1.013
1.053
0.985
1.017
1.069
1.077
0.993
0.989
1.065
1.053
0.989
0.985
1.037
1.077
0.993
1.021
1.073
1.061
0.997
1.017
1.045
0.989
0.957
0.962
0.982
0.958
0.938
0.978
1.050
0.990
0.978
1.010
1.022
0.958
0.990
1.030
1.018
0.966
0.998
1.038
1.022
0.962
1.006
1.070
0.998
0.982
1.034
1.194
1.062
1.050
1.086
1.038
1.018
1.090
1.170
1.058
1.058
1.154
1.162
1.062
1.134
1.182
1.083
1.023
1.055
1.147
1.087
1.083
1.159
1.099
1.019
1.039
1.203
1.219
1.059
1.055
1.247
1.099
0.983
1.039
1.387
1.147
1.151
1.211
1.087
0.959
0.971
1.383
1.187
1.099
1.123
1.195
1.055
0.999
1.043
1.091
1.095
1.031
1.203
1.219
1.131
1.072
1.104
1.132
1.056
1.084
1.208
1.116
1.000
1.028
1.164
1.152
1.068
1.092
1.136
1.088
1.000
1.028
1.136
1.156
1.040
1.052
1.100
1.056
1.012
1.092
1.212
1.068
0.960
0.936
1.012
1.356
1.052
0.952
0.996
1.108
1.048
1.024
1.072
1.093
1.009
1.001
1.065
1.165
1.109
1.077
1.093
1.081
1.037
0.993
1.021
1.125
1.101
1.009
1.025
1.065
1.025
0.989
1.061
1.205
1.093
1.017
1.053
1.033
1.005
0.977
1.073
1.173
1.065
1.101
1.197
1.125
1.021
1.009
1.045
1.001
0.973
1.041
1.362
1.062
1.026
1.122
1.058
0.998
1.086
1.162
1.042
1.026
1.026
1.074
1.030
1.050
1.098
1.054
1.002
1.014
1.066
1.014
0.958
0.982
1.002
0.990
0.986
1.042
1.046
0.982
0.954
0.986
1.138
1.034
1.010
1.106
1.110
0.998
0.950
0.970
0.950
0.923
0.915
0.879
0.871
0.875
0.911
1.075
1.163
1.027
1.047
1.107
1.007
0.995
1.119
1.135
1.011
1.043
1.167
1.023
0.947
1.015
1.327
1.091
0.983
1.071
1.223
1.043
1.047
1.123
1.103
1.031
1.055
1.079
1.039
1.091
1.095
1.023
1.019
1.040
0.972
0.936
0.924
1.132
1.284
1.064
1.048
1.336
1.136
1.076
1.120
1.128
1.048
1.012
1.160
1.112
1.072
1.076
0.964
0.916
0.896
0.876
0.868
0.884
0.952
0.956
0.908
0.940
1.004
1.024
0.984
0.976
0.976
0.980
0.944
0.948
0.952
0.972
0.965
0.993
1.017
1.005
0.949
0.981
1.029
1.001
1.013
1.033
1.021
0.965
0.909
0.901
0.905
0.961
0.941
1.001
0.985
1.025
0.953
0.889
0.897
0.897
0.953
0.973
0.977
0.945
0.905
0.909
0.945
1.121
1.085
0.989
1.037
1.101
1.081
1.013
0.965
1.046
1.302
1.110
1.014
1.090
1.174
1.082
1.010
1.098
1.106
1.078
1.042
1.114
1.130
1.066
1.138
1.238
1.110
0.990
0.986
1.006
1.034
1.014
1.178
1.278
1.118
1.102
1.158
1.054
0.982
1.022
1.078
1.050
0.990
1.050
1.134
1.098
0.998
1.007
1.035
1.143
1.047
1.039
1.139
1.123
1.035
1.067
1.095
1.047
1.019
1.111
1.139
1.035
1.011
1.071
1.203
1.071
1.011
1.055
1.075
1.043
1.035
1.031
1.011
1.027
1.043
1.147
1.087
1.075
1.139
1.039
0.955
1.031
1.243
1.075
0.971
1.027
1.316
1.068
0.976
1.040
1.348
1.192
1.048
0.984
1.100
1.308
1.156
1.032
0.992
1.412
1.248
1.092
1.020
1.156
1.216
1.068
1.004
1.140
1.252
1.040
0.972
1.052
1.236
1.084
1.032
1.136
1.168
1.088
1.020
1.044
1.120
1.112
1.008
1.016
1.124
1.149
1.049
1.085
1.133
1.085
1.089
1.121
1.137
1.061
1.129
1.201
1.141
1.165
1.165
1.009
0.965
1.073
1.317
1.089
1.105
1.229
1.093
1.061
1.285
1.173
1.097
1.137
1.133
1.109
1.017
0.969
1.145
1.277
1.093
0.993
1.033
1.297
1.125
1.026
1.054
1.158
1.122
1.042
1.098
1.094
1.054
1.010
1.106
1.194
1.122
1.098
1.274
1.146
1.094
1.126
1.138
1.046
1.094
1.118
1.054
1.094
1.082
1.050
1.026
1.082
1.102
1.010
0.994
1.090
1.122
1.042
1.038
1.166
1.098
1.042
0.946
0.978
1.223
1.107
1.011
0.987
1.127
1.151
1.047
1.063
1.115
1.083
1.071
1.159
1.103
1.007
1.007
1.011
1.023
1.023
1.127
1.051
0.971
0.987
1.047
1.067
0.999
1.011
1.059
1.123
1.055
1.107
1.159
1.075
1.055
1.131
1.135
1.039
1.047
1.255
1.131
1.024
1.076
1.236
1.108
1.128
1.164
1.144
1.056
1.044
1.088
1.148
1.064
1.088
1.200
1.068
1.008
1.044
1.120
1.032
1.056
1.112
1.108
1.028
1.044
1.064
1.024
0.988
1.036
1.240
1.136
1.076
1.116
1.088
1.004
0.960
1.020
1.264
1.092
1.013
1.033
1.073
0.993
0.989
1.053
1.113
1.045
1.041
1.061
1.009
0.957
0.949
0.925
0.893
0.921
0.925
0.901
1.005
1.369
1.173
1.041
1.161
1.233
1.065
0.981
0.925
0.901
0.897
0.921
1.053
1.021
0.949
0.917
0.909
0.889
0.861
0.837
0.857
0.870
0.850
0.858
0.858
0.854
0.942
1.018
0.914
0.874
0.866
0.850
0.838
0.830
0.814
0.814
0.810
0.822
0.846
0.890
0.894
0.874
0.894
0.874
0.870
0.854
0.846
0.842
0.834
0.830
0.818
0.814
0.814
0.814
0.826
0.830
0.826
0.834
0.882
0.986
1.047
1.007
0.963
0.971
0.943
0.931
0.915
0.939
0.943
0.959
0.935
0.955
0.999
1.003
0.947
0.967
0.995
1.067
1.023
0.983
0.991
1.039
1.011
0.983
0.999
1.015
0.971
0.947
0.963
0.995
0.979
0.963
0.991
1.055
1.027
0.987
1.011
1.039
1.056
0.984
1.008
1.024
1.004
0.968
0.988
1.020
1.020
0.968
0.916
0.928
1.056
1.212
1.012
0.932
0.920
0.984
1.296
1.164
1.036
1.004
1.012
1.032
0.980
1.004
1.144
1.132
1.020
0.984
0.944
0.972
1.048
1.260
1.044
1.028
1.104
1.160
1.040
1.005
1.085
1.177
1.077
1.009
0.989
1.081
1.285
1.157
1.049
1.061
1.025
1.021
1.049
1.125
1.049
1.069
1.117
1.149
1.045
1.049
1.049
0.993
0.997
1.037
1.169
1.137
0.961
0.933
0.925
0.941
0.913
0.881
0.897
1.001
1.353
1.181
1.073
1.134
1.182
1.130
1.022
1.050
1.082
0.994
0.978
1.094
1.154
1.010
1.022
1.106
1.062
1.030
1.098
1.182
1.086
1.070
1.082
1.042
0.966
0.978
0.974
0.998
0.966
0.930
0.946
0.982
0.998
0.978
0.974
0.978
1.022
1.042
0.994
1.058
0.974
0.922
0.907
0.919
0.959
1.103
0.975
0.999
1.035
1.091
1.063
1.051
1.051
1.163
1.111
0.967
0.967
0.975
1.039
1.067
1.027
0.987
0.971
0.923
0.951
1.427
1.071
0.947
0.975
1.467
1.171
0.963
0.963
1.491
1.263
1.031
0.975
1.487
1.275
1.067
1.175