0.948
0.912
0.868
0.864
0.888
0.900
0.936
1.044
1.068
1.000
0.992
1.012
1.000
0.960
0.964
1.000
0.976
0.928
0.924
0.964
0.956
0.907
0.927
0.911
0.899
0.895
0.859
0.839
0.827
0.811
0.791
0.795
0.791
0.791
0.779
0.799
0.811
0.831
0.823
0.795
0.783
0.791
0.783
0.799
0.811
0.815
0.859
0.879
0.915
0.883
0.887
0.867
0.859
0.879
0.899
0.931
0.951
0.991
1.003
0.955
0.923
0.951
1.011
1.030
1.018
0.990
0.970
0.966
0.978
0.982
0.974
0.974
1.010
1.074
1.086
1.066
1.002
0.946
0.938
0.946
1.010
1.062
1.082
1.094
1.066
1.050
1.014
0.970
0.954
0.958
1.006
1.066
1.082
1.078
1.042
1.010
0.982
0.974
0.966
0.974
1.038
1.062
1.070
1.066
1.026
0.921
0.897
0.933
0.945
0.981
1.033
1.057
1.077
1.065
1.025
0.989
0.969
0.941
0.953
0.973
1.009
1.057
1.073
1.045
1.021
0.993
0.965
0.977
0.985
0.969
0.977
0.965
0.969
1.037
1.061
1.045
1.037
0.937
0.933
0.921
0.949
0.973
0.985
1.009
1.029
1.005
1.000
0.992
0.964
1.000
0.956
0.992
1.020
1.000
0.960
0.988
0.972
0.936
0.916
0.896
0.928
0.968
0.992
1.016
1.016
1.024
0.992
0.980
0.972
0.988
1.064
1.072
1.044
0.992
0.948
0.920
0.916
0.916
0.916
0.908
0.916
0.988
0.992
0.900
0.844
0.828
0.824
0.836
0.847
0.859
0.859
0.875
0.871
0.891
0.911
0.895
0.887
0.903
0.911
0.931
0.963
0.963
0.943
0.935
0.927
0.907
0.895
0.911
0.919
0.923
0.899
0.967
1.043
1.039
1.003
0.991
0.943
0.907
0.915
0.935
0.955
0.947
0.935
0.955
0.975
0.995
0.987
0.947
0.939
0.955
0.978
0.922
0.866
0.862
0.894
0.926
1.006
1.006
1.002
0.974
1.006
1.018
0.986
0.962
0.918
0.918
0.874
0.894
0.922
0.994
1.030
1.046
1.058
1.034
0.978
0.942
0.926
0.918
0.958
1.026
1.042
1.018
0.978
0.954
0.930
0.926
0.930
0.930
0.982
1.022
1.018
1.002
1.005
0.981
0.933
0.909
0.889
0.901
0.905
0.957
1.005
1.029
1.001
0.981
0.953
0.937
0.917
0.917
0.957
0.969
0.977
0.933
0.885
0.893
0.929
0.957
0.977
0.989
0.981
0.961
0.985
1.013
1.013
1.017
1.005
0.969
0.933
0.893
0.933
0.957
1.005
1.041
1.029
1.000
0.956
0.928
0.928
0.916
0.944
1.020
1.056
1.032
0.988
0.968
0.904
0.880
0.872
0.896
0.952
0.992
1.012
1.000
0.964
0.912
0.880
0.904
0.932
0.888
0.868
0.888
0.916
0.916
0.928
0.920
0.928
0.952
0.956
0.956
0.952
0.940
0.944
0.936
0.928
0.956
0.936
0.955
0.979
0.979
0.971
0.971
0.931
0.935
0.915
0.911
0.935
0.955
0.971
0.935
0.915
0.911
0.931
0.943
0.963
0.955
0.975
0.983
0.963
0.963
0.967
0.967
0.971
1.019
0.995
0.959
0.911
0.879
0.875
0.907
0.931
0.947
0.955
0.935
0.963
1.003
1.003
1.007
0.999
0.954
0.914
0.918
0.954
0.966
0.990
0.962
0.954
0.950
0.974
1.018
0.982
0.958
0.914
0.878
0.878
0.930
1.002
1.002
0.970
0.918
0.922
0.962
0.994
0.986
0.970
0.942
0.906
0.906
0.930
0.962
0.970
0.966
0.966
0.974
0.970
0.938
0.902
0.890
0.878
0.914
0.945
0.953
0.941
0.909
0.905
0.933
0.965
0.993
1.005
0.997
0.981
0.957
0.933
0.921
0.913
0.909
0.893
0.901
0.897
0.933
0.977
0.961
0.957
0.929
0.885
0.877
0.889
0.901
0.917
0.929
0.905
0.905
0.913
0.965
0.973
0.973
0.933
0.901
0.917
0.925
0.941
0.969
0.960
0.924
0.960
0.952
0.964
0.948
0.932
0.920
0.912
0.976
0.988
0.984
0.972
0.948
0.920
0.888
0.864
0.864
0.872
0.964
1.036
1.044
1.004
0.952
0.908
0.888
0.888
0.880
0.896
0.904
0.920
0.936
0.948
0.940
0.904
0.900
0.884
0.880
0.944
0.912
0.884
0.844
0.827
0.811
0.803
0.819
0.843
0.847
0.863
0.911
0.907
0.919
0.899
0.871
0.835
0.855
0.875
0.891
0.899
0.875
0.911
0.919
0.931
0.943
0.943
0.915
0.903
0.891
0.911
0.911
0.923
0.931
0.891
0.887
0.883
0.891
0.943
1.015
0.987
0.971
0.951
0.911
0.887
0.879
0.878
0.890
0.902
0.906
0.910
0.910
0.910
0.870
0.862
0.862
0.878
0.938
0.978
0.982
0.974
0.950
0.926
0.914
0.902
0.882
0.882
0.890
0.906
0.986
1.018
0.994
0.954
0.942
0.910
0.882
0.878
0.882
0.938
1.010
1.014
0.998
0.974
0.962
0.914
0.902
0.898
0.941
0.949
0.981
0.997
0.953
0.933
0.897
0.913
0.973
0.993
0.977
0.961
0.929
0.893
0.889
0.913
0.913
0.925
0.933
0.921
0.925
0.917
0.917
0.973
0.989
0.997
0.985
0.941
0.917
0.893
0.889
0.909
0.929
0.957
1.013
1.049
1.033
1.001
0.953
0.917
0.893
0.873
0.892
0.908
0.936
1.016
1.040
1.048
1.032
0.980
0.936
0.904
0.924
0.964
0.976
0.992
1.016
1.036
1.016
0.996
0.948
0.924
0.904
0.872
0.920
0.892
0.924
0.964
1.000
0.964
0.996
0.984
0.988
0.940
0.944
0.944
0.952
0.956
0.948
0.912
0.908
0.924
0.952
0.960
0.951
0.971
0.983
0.987
0.967
0.951
0.927
0.887
0.891
0.891
0.911
0.947
0.959
0.955
0.935
0.923
0.907
0.895
0.879
0.883
0.899
0.939
0.983
0.991
0.947
0.903
0.895
0.903
0.903
0.923
0.955
0.943
0.951
0.943
0.959
0.955
0.947
0.971
0.955
0.923
0.963
0.954
0.942
0.918
0.890
0.902
0.954
0.990
0.998
0.982
0.950
0.922
0.946
0.946
0.942
0.910
0.926
0.986
0.974
0.970
0.954
0.930
0.910
0.914
0.906
0.918
0.926
0.902
0.894
0.910
0.858
0.898
0.850
0.834
0.858
0.854
0.862
0.862
0.890
0.930
0.958
0.958
0.946
0.901
0.881
0.869
0.885
0.889
0.873
0.897
0.917
0.945
1.005
0.997
1.009
0.989
0.953
0.917
0.885
0.881
0.913
0.945
0.973
0.985
0.981
0.937
0.901
0.893
0.913
0.925
0.925
0.929
0.897
0.925
0.921
0.917
0.889
0.873
0.849
0.873
0.949
0.977
0.945
0.925
0.917
0.896
0.872
0.860
0.852
0.848
0.828
0.816
0.848
0.892
0.896
0.876
0.844
0.812
0.808
0.804
0.808
0.808
0.812
0.820
0.836
0.856
0.884
0.888
0.888
0.884
0.884
0.884
0.868
0.868
0.872
0.880
0.900
0.912
0.932
0.976
0.988
0.972
0.944
0.912
0.884
0.868
0.872
0.899
0.995
1.047
1.051
1.047
1.007
0.947
0.895
0.923
0.943
0.951
0.955
0.951
0.935
0.903
0.887
0.899
0.955
0.963
0.955
0.935
0.903
0.915
0.907
0.879
0.895
0.907
0.919
0.907
0.891
0.911
0.935
0.947
0.931
0.923
0.943
0.951
0.975
0.967
0.927
0.915
0.922
0.926
0.926
0.914
0.930
0.982
1.006
1.002
0.974
0.922
0.894
0.882
0.882
0.858
0.858
0.878
0.930
0.994
0.998
0.986
0.918
0.922
0.914
0.918
0.910
0.906
0.890
0.918
0.950
0.958
0.962
0.982
1.042
1.054
1.014
0.982
0.942
0.914
0.902
0.898
0.906
0.926
1.025
1.081
1.033
1.001
0.977
0.949
0.953
0.893
0.905
0.901
0.893
0.901
0.909
0.889
0.881
0.905
0.965
0.941
0.885
0.849
0.877
0.993
1.053
1.045
1.017
0.973
0.941
0.925
0.921
0.929
0.941
0.957
1.021
1.061
1.033
1.013
0.969
0.925
0.945
0.957
1.005
1.021
0.984
0.948
0.940
0.980
1.004
0.984
0.948
0.912
0.952
0.948
0.936
0.940
0.916
0.940
0.932
0.952
0.964
0.964
0.940
0.924
0.956
0.972
0.984
0.988
0.984
0.984
0.976
0.972
0.968
0.964
0.960
0.984
0.944
0.928
0.948
0.940
0.924
0.912
0.944
0.944
0.944
0.939
0.923
0.883
0.891
0.911
0.927
0.931
0.899
0.907
0.911
0.891
0.879
0.887
0.943
0.983
0.987
0.963
0.935
0.967
0.955
0.927
0.923
0.887
0.875
0.895
0.915
0.919
0.919
0.895
0.923
0.931
0.939
0.931
0.935
0.931
0.911
0.911
0.915
0.943
0.947
0.963
0.967
0.934
0.918
0.918
0.926
0.898
0.894
0.886
0.910
0.958
0.966
0.950
0.922
0.890
0.902
0.914
0.906
0.890
0.898
0.950
0.966
0.922
0.894
0.914
0.918
0.910
0.918
0.934
0.942
0.922
0.878
0.906
0.914
0.934
0.950
0.918
0.930
0.954
0.946
0.930
0.902
0.898
0.910
0.925
0.921
0.921
0.961
0.957
0.957
0.941
0.917
0.901
0.925
0.933
0.913
0.905
0.937
0.965
0.961
0.949
0.913
0.881
0.885
0.905
0.933
0.925
0.917
0.961
0.981
0.977
0.973
0.965
0.921
0.893
0.905
0.949
0.981
0.977
0.949
0.909
0.937
0.953
0.949
0.925
0.972
0.972
0.976
0.972
0.932
0.952
0.960
0.972
0.972
0.968
0.932
0.924
0.904
0.932
0.996
1.052
1.056
1.044
0.968
0.944
0.944
0.920
0.968
0.960
0.944
0.924
0.932
0.972
0.992
0.988
0.964
0.900
0.900
0.848
0.832
0.860
0.864
0.868
0.880
0.948
0.972
0.980
0.931
0.915
0.907
0.915
0.899
0.867
0.923
0.955
0.975
0.983
0.939
0.903
0.923
0.927
0.935
0.963
0.975
0.959
0.927
0.919
0.959
0.975
0.943
0.923
0.951
0.943
0.911
0.903
0.919
0.931
0.955
0.931
0.923
0.935
0.947
0.911
0.907
0.967
0.987
0.999
0.963
0.951
0.954
0.942
0.898
0.910
0.890
0.854
0.846
0.866
0.854
0.850
0.878
0.874
0.846
0.830
0.866
0.862
0.882
0.934
0.958
0.974
0.974
0.954
0.918
0.898
0.914
0.926
0.930
0.918
0.882
0.894
0.910
0.934
0.918
0.954
0.958
0.938
0.938
0.918
0.914
0.938
0.934
0.934
0.921
0.917
0.909
0.873
0.881
0.929
0.957
0.977
0.933
0.897
0.881
0.897
0.913
0.937
0.901
0.893
0.905
0.925
0.925
0.909
0.889
0.897
0.949
0.985
0.993
1.021
0.977
0.893
0.869
0.885
0.937
0.941
0.917
0.921
0.989
0.997
0.989
0.929
0.901
0.893
0.849
0.832
0.852
0.876
0.872
0.912
0.940
0.952
0.952
0.928
0.920
0.916
0.928
0.928
0.920
0.904
0.928
0.940
0.956
0.972
0.952
0.916
0.900
0.928
0.904
0.904
0.900
0.884
0.892
0.904
0.964
0.992
1.012
0.996
0.940
0.908
0.908
0.936
0.944
0.924
0.928
0.976
1.000
0.943
0.911
0.943
0.979
1.003
0.991
0.951
0.891
0.855
0.883
0.911
0.951
0.983
1.011
1.031
1.055
1.023
0.975
0.931
0.903
0.891
0.887
0.891
0.923
0.943
0.943
0.983
1.043
1.059
1.027
0.975
0.935
0.895
0.927
0.951
0.975
0.975
0.991
0.979
0.951
0.935
0.927
0.938
0.926
0.926
0.902
0.906
0.946
1.010
1.038
1.046
0.986
0.934
0.954
0.930
0.934
0.930
0.918
0.898
0.918
0.946
0.962
0.942
0.918
0.898
0.926
0.938
0.938
0.934
0.910
0.890
0.898
0.958
0.974
0.982
0.966
0.914
0.878
0.898
0.926
0.922
0.918
0.910
0.877
0.869
0.869
0.917
0.933
0.929
0.945
0.949
0.913
0.889
0.877
0.909
0.917
0.929
0.921
0.917
0.889
0.885
0.897
0.889
0.901
0.905
0.909
0.905
0.901
0.917
0.949
0.937
0.933
0.937
0.925
0.933
0.945
0.957
0.937
0.945
0.945
0.997
1.009
0.993
0.949
0.901
0.844
0.840
0.848
0.844
0.860
0.900
0.980
1.052
1.056
1.020
0.972
0.916
0.896
0.896
0.888
0.896
0.912
0.924
0.964
1.008
1.004
0.964
0.936
0.916
0.884
0.884
0.888
0.912
0.972
1.024
1.040
1.028
1.012
0.992
0.960
0.900
0.872
0.888
0.928
0.964
0.948
0.900
0.923
0.943
0.947
0.943
0.923
0.895
0.915
0.911
0.911
0.915
0.939
0.951
0.943
0.907
0.887
0.907
0.919
0.923
0.911
0.903
0.947
0.991
0.991
0.963
0.935
0.919
0.895
0.907
0.891
0.867
0.867
0.867
0.931
0.991
0.991
0.955
0.911
0.911
0.907
0.899
0.871
0.899
0.922
0.966
0.958
0.942
0.894
0.906
0.898
0.898
0.878
0.886
0.926
0.942
0.930
0.890
0.886
0.870
0.870
0.878
0.870
0.878
0.898
0.934
0.978
1.026
1.006
0.990
0.962
0.906
0.842
0.810
0.818
0.834
0.842
0.886
0.906
0.966
0.982
0.958
0.930
0.890
0.902
0.897
0.901
0.881
0.901
0.945
0.953
0.925
0.917
0.897
0.881
0.921
0.925
0.933
0.921
0.889
0.885
0.893
0.893
0.905
0.913
0.893
0.881
0.893
0.961
0.961
0.941
0.957
0.973
0.945
0.921
0.901
0.881
0.881
0.925
0.969
0.981
0.977
0.925
0.873
0.873
0.913
0.941
0.948
0.960
0.968
0.968
0.960
0.932
0.904
0.912
0.932
0.988
1.028
1.028
1.016
0.956
0.900
0.864
0.916
0.944
0.972
0.988
0.992
0.968
0.928
0.896
0.916
0.920
0.920
0.908
0.900
0.956
0.976
0.972
0.940
0.924
0.948
0.952
0.932
0.900
0.932
0.920
0.900
0.892
0.899
0.943
0.975
0.979
0.935
0.907
0.915
0.903
0.887
0.887
0.863
0.891
0.899
0.871
0.891
0.907
0.903
0.895
0.903
0.931
0.959
0.979
1.003
0.967
0.927
0.943
0.979
1.015
1.031
0.991
0.947
0.967
1.003
0.983
0.987
0.935
0.899
0.919
0.915
0.919
0.903
0.882
0.878
0.902
0.914
0.898
0.870
0.874
0.918
0.918
0.918
0.874
0.834
0.846
0.842
0.866
0.862
0.862
0.894
0.902
0.914
0.906
0.898
0.918
0.918
0.898
0.862
0.858
0.850
0.850
0.846
0.842
0.842
0.906
0.934
0.946
0.938
0.954
0.950
0.894
0.866
0.894
0.902
0.913
0.917
0.893
0.869
0.861
0.865
0.865
0.941
0.969
0.973
0.925
0.885
0.841
0.845
0.873
0.949
0.993
1.017
0.997
0.953
0.925
0.937
0.937
0.933
0.905
0.909
0.905
0.913
0.905
0.897
0.893
0.881
0.885
0.873
0.849
0.869
0.861
0.865
0.865
0.865
0.853
0.829
0.848
0.872
0.860
0.892
0.884
0.900
0.892
0.852
0.864
0.840
0.816
0.820
0.852
0.884
0.924
0.916
0.892
0.912
0.936
0.944
0.972
0.868
0.852
0.856
0.864
0.824
0.824
0.852
0.880
0.924
0.960
0.972
0.920
0.936
0.928
0.920
0.948
0.960
0.924
0.912
0.976
0.996
0.995
0.979
0.915
0.931
0.979
1.007
1.063
1.039
1.011
1.067
1.011
1.051
1.107
1.103
1.083
1.063
1.027
0.991
0.943
0.903
0.983
0.995
1.007
1.011
0.963
0.959
0.979
0.975
0.963
1.007
1.023
1.007
0.947
0.939
0.995
1.023
1.007
1.003
0.979
0.927
0.895
0.878
0.902
0.942
1.002
1.074
1.078
1.042
1.050
1.038
1.026
1.034
0.994
0.962
1.070
1.082
1.074
1.038
0.970
0.954
0.938
0.950
0.978
0.974
0.954
0.894
0.914
0.914
0.930
0.990
1.086
1.082
1.030
0.998
1.022
1.026
0.982
0.958
1.030
1.102
1.126
1.122
1.074
1.033
1.057
1.077
1.081
1.057
1.101
1.189
1.181
1.137
1.053
1.009
1.033
1.129
1.133
1.109
1.085
1.017
0.953
0.949
1.017
1.041
1.045
1.005
0.957
0.953
1.013
1.077
1.081
1.069
1.025
0.969
0.901
0.857
0.857
0.961
1.053
1.121
1.133
1.109
1.045
0.973
0.933
0.968
1.004
1.028
1.044
1.048
1.052
0.992
0.972
0.916
0.976
1.008
1.032
0.996
0.940
0.936
0.980
1.044
1.108
1.100
1.048
0.948
0.852
0.808
0.824
0.832
0.872
0.916
0.936
0.948
0.940
0.948
0.972
0.944
0.928
0.916
0.904
0.872
0.868
0.876
0.956
1.024
1.040
1.040
1.016
0.972
0.900
0.868
0.892
0.908
0.924
0.992
0.992
0.976
1.008
0.980
0.964
0.900
0.952
0.968
0.992
0.976
0.928
0.968
1.012
1.020
0.976
0.964
0.968
0.976
0.976
0.988
1.000
1.020
0.988
0.960
0.988
0.964
0.960
0.968
0.932
0.988
1.000
1.012
0.968
0.932
0.932
0.968
1.024
1.020
1.044
0.968
0.928
0.908
0.932
0.940
0.924
0.932
0.888
0.884
0.912
0.928
0.932
0.904
0.900
0.964
1.004
1.048
1.028
0.964
0.968
0.956
0.952
0.956
0.952
0.980
1.024
0.976
0.988
1.000
1.000
0.968
0.992
0.992
0.968
0.936
1.004
1.004
0.952
0.904
0.944
0.976
0.960
0.880
0.920
0.948
0.968
0.916
0.952
0.920
1.000
1.012
0.944
0.952
1.012
1.080
1.084
1.032
0.948
0.956
1.028
1.060
1.096
1.100
1.064
0.996
1.016
0.980
0.984
0.952
0.968
0.968
0.996
1.000
0.984
1.004
0.984
0.952
0.908
0.916
0.904
0.916
0.908
0.880
0.880
0.912
0.928
0.956
1.000
0.972
0.968
0.936
0.932
0.924
0.932
0.948
1.000
0.992
0.992
0.996
0.956
0.936
0.976
1.032
1.072
1.080
1.040
1.004
0.972
0.936
0.920
0.928
0.952
1.008
1.072
1.048
1.020
1.040
1.044
1.000
0.968
0.924
0.880
0.908
0.992
1.112
1.168
1.116
1.064
1.008
0.996
0.984
0.996
1.008
0.976
0.940
0.940
0.996
0.992
0.972
0.964
0.928
0.908
0.932
0.948
1.020
1.112
1.088
1.044
1.012
0.980
0.928
0.912
0.920
1.020
1.072
1.052
1.032
1.052
1.052
1.036
0.972
0.932
0.960
0.996
0.996
1.000
0.960
1.020
1.036
1.008
0.992
1.000
0.976
0.972
0.964
0.952
0.944
0.948
0.972
0.948
0.932
0.988
0.940
0.904
0.928
0.912
0.864
0.848
0.856
0.860
0.852
0.888
0.904
0.928
0.948
0.876
0.860
0.872
0.864
0.876
0.852
0.896
0.908
0.932
0.908
0.880
0.936
0.968
0.964
0.972
0.940
0.908
0.896
0.916
0.976
1.020
1.044
1.016
0.980
1.016
1.024
0.980
0.940
0.960
0.968
0.976
0.936
0.908
0.924
0.964
0.968
0.964
0.904
0.916
0.944
0.940
0.940
0.920
0.904
0.944
0.948
0.900
0.908
0.940
0.996
1.012
0.988
0.964
0.948
0.904
0.872
0.880
0.920
1.000
1.016
0.996
0.980
0.988
0.992
0.964
0.948
0.956
1.036
1.032
1.016
0.940
0.952
0.940
0.932
0.956
1.008
1.024
0.996
0.992
1.056
1.132
1.104
1.072
1.040
0.984
0.924
0.912
0.960
1.016
1.008
1.028
1.008
0.988
0.936
1.004
1.024
1.000
0.972
1.008
1.020
0.976
0.920
0.940
0.972
0.996
0.964
0.924
0.956
1.004
0.968
0.908
0.928
0.912
0.888
0.868
0.892
0.880
0.864
0.844
0.856
0.848
0.860
0.864
0.896
0.944
0.972
1.000
1.008
0.940
0.904
0.924
0.932
0.916
0.896
0.904
0.896
0.856
0.852
0.912
0.928
0.944
0.944
0.944
0.976
0.992
0.984
0.960
0.936
0.912
0.880
0.880
0.920
0.980
1.036
1.052
1.024
1.008
0.948
0.916
0.916
0.956
1.020
1.020
1.012
0.988
0.976
0.968
0.960
0.948
0.932
0.928
0.980
1.048
1.072
1.036
0.960
0.912
0.952
1.000
1.040
1.080
1.104
1.096
1.032
0.972
0.960
1.012
1.040
1.076
1.064
1.052
1.008
1.008
1.012
1.052
1.092
1.076
1.064
1.024
1.076
1.088
1.048
1.000
0.952
0.896
0.872
0.872
0.960
0.996
1.000
1.000
0.968
0.904
0.864
0.904
0.916
0.944
0.956
0.956
0.932
0.884
0.860
0.876
1.016
1.068
1.068
1.052
1.008
0.960
0.896
0.920
0.924
0.952
0.980
0.980
0.920
0.936
0.932
0.956
0.988
0.984
0.952
0.996
1.008
1.012
0.996
0.940
0.940
0.928
0.932
0.904
0.912
0.960
0.956
0.932
0.936
0.912
0.904
0.904
0.928
0.912
0.968
0.968
0.952
0.912
0.972
0.988
0.996
0.952
0.956
0.968
0.928
0.884
0.896
0.904
0.924
0.904
0.968
0.992
0.980
0.948
0.980
0.980
0.956
0.928
0.972
0.992
0.952
0.932
0.960
0.956
0.956
0.924
0.916
0.908
0.932
1.000
1.000
0.984
0.996
0.984
0.992
0.952
0.936
0.948
0.996
1.016
1.016
0.976
0.944
0.940
0.952
0.952
0.924
0.944
0.960
0.972
0.956
0.940
0.988
1.060
0.976
0.920
0.960
0.940
0.964
0.924
0.936
0.972
0.988
0.952
0.932
0.964
0.952
0.928
0.884
0.876
0.904
0.904
0.920
0.900
0.908
0.904
0.932
0.948
0.928
0.920
0.888
0.872
0.896
0.940
0.956
0.924
0.920
0.956
0.972
0.968
0.936
0.908
0.920
0.920
0.924
0.912
0.940
0.956
0.980
0.976
0.952
0.932
0.980
0.992
0.996
0.952
0.924
0.952
0.960
0.980
0.960
0.928
0.968
0.964
0.960
0.928
0.948
0.972
0.980
0.936
0.940
0.956
0.944
0.892
0.884
0.932
0.956
0.964
0.940
0.960
1.048
1.064
1.028
0.968
0.928
0.928
1.024
1.044
1.056
1.028
0.968
0.884
0.852
0.868
0.908
0.956
0.996
1.012
1.028
0.976
0.912
0.876
0.900
0.928
0.964
0.980
0.988
0.964
0.940
0.904
0.888
0.924
0.936
0.952
0.944
0.896
0.876
0.852
0.904
0.964
0.952
0.904
0.916
0.912
0.904
0.888
0.900
0.900
0.928
0.952
0.960
0.940
0.884
0.864
0.880
0.888
0.932
0.956
0.980
0.948
0.932
0.952
0.956
0.952
0.908
0.872
0.908
0.944
0.972
1.000
0.976
0.936
0.924
0.960
0.960
0.964
0.960
0.936
0.916
0.904
0.904
0.884
0.896
0.908
0.968
1.064
1.096
1.068
1.016
0.972
0.928
0.892
0.888
0.892
0.936
1.016
1.044
1.036
1.016
0.984
0.956
0.940
0.968
0.996
1.036
1.056
1.076
1.072
1.032
0.980
0.924
0.944
1.016
1.052
1.048
0.968
0.900
0.880
0.924
1.028
1.084
1.068
1.032
0.988
0.948
0.916
0.916
0.940
0.936
0.968
1.000
1.096
1.080
1.076
1.032
0.956
0.960
0.964
0.976
0.996
0.992
0.976
0.972
0.956
0.976
1.000
0.996
1.004
0.988
0.932
0.932
0.968
0.992
1.044
1.060
1.068
1.004
0.980
0.972
1.008
1.080
1.076
1.040
1.052
1.048
1.012
0.984
0.932
0.968
1.016
1.024
1.044
1.012
0.964
0.944
0.936
0.992
0.992
0.988
0.972
0.952
0.900
0.916
0.960
0.976
0.972
0.964
0.988
0.972
0.956
0.960
0.964
0.940
0.920
0.932
1.012
1.028
1.016
0.980
0.940
0.896
0.892
0.944
0.956
0.948
0.924
0.884
0.920
0.944
0.936
0.956
0.944
0.948
0.940
0.892
0.892
0.912
0.904
0.900
0.896
0.888
0.864
0.868
0.912
0.932
0.936
0.912
0.908
0.948
0.932
0.904
0.880
0.904
0.896
0.876
0.864
0.904
0.916
0.924
0.900
0.872
0.912
0.912
0.928
0.932
0.924
0.908
0.888
0.900
0.920
0.948
0.964
0.960
0.944
0.992
1.036
0.972
0.984
1.004
0.932
0.988
0.952
0.884
0.844
0.860
0.868
0.860
0.876
0.932
0.976
1.000
0.948
0.916
0.928
0.940
0.944
0.920
0.912
0.996
1.032
1.064
1.056
1.012
1.032
1.028
1.008
0.964
0.944
0.976
1.008
0.992
1.016
1.020
1.020
0.992
0.948
0.992
1.000
0.952
0.948
0.976
0.996
0.948
0.900
0.892
0.948
0.996
1.028
1.032
1.012
0.980
0.920
0.892
0.880
0.876
0.932
1.164
1.228
1.172
1.116
1.028
0.940
0.884
0.868
0.864
0.864
0.872
0.908
0.996
1.000
0.996
0.992
0.964
0.932
0.916
0.908
0.916
0.920
0.924
0.936
0.932
0.948
0.960
0.964
0.932
0.904
0.884
0.948
0.960
0.940
0.928
0.892
0.872
0.876
0.924
0.948
0.952
0.928
0.912
0.900
0.976
0.980
0.976
0.960
0.908
0.884
0.916
0.948
0.968
0.964
0.936
0.924
0.976
0.996
1.012
0.988
0.972
0.984
0.968
0.976
0.932
0.928
0.936
1.004
1.012
1.008
0.976
0.988
0.996
1.008
0.992
0.984
0.988
0.984
0.996
0.972
0.912
0.920
0.928
0.968
0.960
0.960
1.032
1.032
0.972
0.936
0.968
1.004
1.040
0.980
0.980
0.996
0.976
0.944
0.900
0.876
0.888
0.960
1.052
1.056
0.984
0.892
0.852
0.844
0.836
0.852
0.912
0.948
0.976
0.964
0.924
0.940
0.956
0.956
0.936
0.936
0.916
0.880
0.932
0.976
1.020
1.048
1.052
1.028
1.000
0.964
0.948
0.960
1.004
0.984
1.040
1.060
1.056
1.000
0.980
0.952
0.920
0.936
0.956
0.976
0.960
0.968
0.956
0.920
0.900
0.896
0.944
0.972
0.924
0.916
0.984
0.996
0.936
0.908
0.884
0.928
1.052
1.072
1.032
0.952
0.888
0.892
0.888
0.888
0.872
0.860
0.848
0.888
0.960
1.012
1.012
0.956
0.920
0.868
0.828
0.820
0.832
0.844
0.860
0.932
0.936
0.932
0.916
0.900
0.880
0.888
0.920
0.940
0.956
0.928
0.924
0.928
1.012
1.008
1.012
1.004
0.980
0.916
0.900
0.904
0.944
1.028
1.044
1.056
1.052
1.028
0.964
0.932
0.916
0.984
1.084
1.124
1.152
1.052
0.980
0.976
1.028
1.024
1.032
0.996
0.928
0.876
0.856
0.844
0.868
0.980
1.036
1.024
0.940
0.920
0.932
0.916
0.880
0.928
0.956
0.956
0.960
1.016
1.028
1.024
1.000
0.960
1.012
1.064
1.120
1.088
1.044
0.980
0.960
1.036
0.984
1.024
1.060
1.036
1.024
1.036
1.000
1.000
0.936
0.900
0.904
1.004
1.004
0.980
0.956
0.992
1.040
1.056
1.028
0.988
0.968
0.992
1.020
1.064
1.016
0.992
0.960
0.936
0.916
0.984
0.980
0.956
0.932
0.896
0.856
0.828
0.836
0.900
0.904
0.940
0.972
0.968
0.944
0.960
0.932
0.888
0.852
0.832
0.836
0.828
0.820
0.828
0.840
0.868
0.852
0.844
0.860
0.860
0.864
0.876
0.884
0.896
0.952
0.996
1.000
0.992
0.956
0.896
0.868
0.852
0.884
0.912
0.940
0.896
0.900
0.952
1.012
1.064
1.080
1.008
0.936
0.948
0.952
0.928
0.908
0.916
0.936
0.944
0.956
0.960
0.984
0.980
0.952
0.944
0.964
1.012
1.020
1.044
1.044
0.992
0.948
0.952
0.948
0.928
0.908
0.932
0.944
0.960
0.944
0.960
0.956
0.916
0.896
0.924
0.944
0.968
0.924
0.888
0.920
0.928
0.944
0.908
0.896
0.964
0.972
0.944
0.892
0.892
0.948
0.952
0.936
0.924
0.956
0.960
0.960
0.948
1.000
1.008
0.988
0.920
0.932
0.932
0.956
0.968
0.944
0.940
0.988
1.004
0.996
0.968
0.992
0.992
0.968
0.920
0.896
0.907
0.907
0.895
0.871
0.855
0.883
0.899
0.895
0.879
0.851
0.859
0.847
0.847
0.831
0.823
0.835
0.827
0.835
0.839
0.855
0.851
0.855
0.843
0.839
0.843
0.863
0.895
0.903
0.907
0.899
0.875
0.883
0.891
0.903
0.919
0.923
0.931
0.951
0.971
0.995
0.995
0.999
0.955
0.903
0.907
0.923
0.927
0.911
0.943
0.927
0.923
0.971
0.990
0.962
0.974
1.002
0.986
0.962
0.926
0.966
0.978
0.982
0.942
0.926
0.982
0.978
0.974
0.950
0.930
0.974
0.994
1.006
0.994
0.946
0.938
0.962
0.978
0.974
0.986
0.950
0.926
0.950
0.966
0.966
0.942
0.934
0.982
0.982
0.958
0.926
0.946
0.954
0.954
0.926
0.910
0.938
0.946
0.918
0.902
0.890
0.918
0.958
0.982
1.046
1.014
0.973
0.925
0.933
0.933
0.993
1.013
0.989
1.001
1.041
1.057
1.045
1.017
0.985
1.033
1.065
1.053
1.029
0.961
0.909
0.893
0.941
0.969
0.993
0.997
1.013
0.981
0.945
0.921
0.913
0.933
1.001
1.053
1.021
0.981
0.905
0.913
0.913
0.917
0.913
0.909
0.909
0.905
0.889
0.905
0.925
0.917
0.917
0.905
0.889
0.873
0.869
0.877
0.924
0.936
0.924
0.916
0.912
0.924
0.936
0.932
0.912
0.908
0.904
0.928
0.936
0.960
0.964
0.964
0.976
0.960
0.936
0.904
0.896
0.928
0.948
0.996
0.996
0.976
0.936
0.956
0.956
0.944
0.916
0.916
0.932
0.956
0.976
0.992
0.968
0.936
0.964
0.948
0.916
0.920
0.956
0.972
0.952
0.960
1.000
1.024
0.988
0.944
0.920
0.944
0.959
0.983
0.955
0.983
1.035
1.059
1.047
0.979
0.927
0.931
0.955
0.991
0.995
0.999
0.975
0.999
0.979
0.983
0.959
0.943
0.911
0.919
0.963
0.995
1.015
1.027
1.035
0.995
0.983
0.971
0.971
0.971
0.987
0.979
0.971
0.991
0.959
1.011
1.039
1.011
0.991
0.959
0.931
0.963
1.011
1.019
1.031
1.051
1.035
0.995
0.959
0.991
0.987
0.958
0.966
0.982
0.990
0.986
0.958
0.954
0.970
1.038
1.026
1.010
0.990
0.946
0.910
0.938
0.974
0.998
0.990
0.958
0.958
1.030
1.054
1.022
0.994
1.014
1.014
0.994
0.950
0.966
0.962
0.970
0.970
0.954
0.950
0.954
0.966
0.998
1.050
1.062
1.070
1.050
0.998
0.958
0.946
0.990
1.050
1.066
1.050
1.014
1.022
1.018
0.982
0.961
0.957
0.989
1.005
1.005
1.013
1.053
1.065
1.029
1.041
1.049
0.969
0.941
0.945
0.901
0.881
0.905
0.917
0.917
0.933
0.933
0.957
1.041
1.073
1.065
1.021
0.965
0.921
0.885
0.913
0.937
0.925
0.909
1.001
1.085
1.117
1.129
1.089
1.049
1.021
1.001
1.001
1.017
1.045
1.033
0.997
0.945
0.929
0.981
1.009
1.017
0.981
0.941
0.944
0.948
0.952
0.960
0.928
0.928
0.952
0.948
0.924
0.908
0.944
0.940
0.908
0.916
0.892
0.856
0.876
0.896
0.928
0.928
0.904
0.916
0.956
0.968
0.960
0.920
0.904
0.924
0.936
0.952
0.940
0.996
1.056
1.076
1.076
1.100
1.012
0.944
0.924
0.920
0.912
0.916
0.928
0.920
0.912
0.916
0.928
0.972
1.072
1.120
1.104
1.068
1.019
0.967
0.959
0.951
0.951
0.971
1.019
1.023
1.023
1.039
1.047
1.035
0.951
0.991
0.987
0.987
0.995
0.999
0.983
1.003
0.991
0.971
0.943
0.927
1.003
1.027
0.991
0.959
0.979
0.999
0.991
0.923
0.971
0.975
0.959
0.963
1.031
1.023
1.043
1.051
1.039
1.051
1.043
0.999
0.983
0.995
1.023
1.027
1.007
1.015
1.011
1.003
0.987
1.026
1.062
1.074
1.002
0.934
0.918
0.954
0.970
0.966
0.934
0.922
0.926
0.946
0.950
0.922
0.902
0.930
0.950
0.958
0.938
0.922
0.934
0.954
0.950
0.914
0.918
0.930
0.954
0.934
0.922
0.950
0.982
0.982
0.954
0.914
0.898
0.910
0.966
1.122
1.162
1.114
1.030
1.006
0.970
0.938
0.934
0.930
0.938
0.942
0.962
1.034
1.030
1.029
1.021
0.997
0.969
0.921
0.937
0.965
0.981
0.985
0.961
0.933
0.949
0.989
0.973
0.945
0.917
0.937
0.933
0.921
0.893
0.885
0.917
0.913
0.905
0.917
0.973
1.017
1.017
0.973
0.913
0.893
0.909
0.897
0.901
0.885
0.849
0.881
0.945
1.065
1.065
1.045
1.029
1.025
0.997
0.985
0.957
0.937
0.913
0.977
1.017
1.081
1.093
1.072
1.048
0.980
0.964
0.932
0.920
0.920
0.944
0.988
1.024
0.992
0.960
0.932
0.972
0.968
0.988
0.976
0.936
0.920
0.928
0.968
0.968
0.964
0.936
0.912
0.936
0.940
0.912
0.912
0.928
0.956
0.964
0.964
0.960
0.964
0.972
0.956
0.920
0.904
0.948
0.956
0.976
0.976
0.964
0.944
0.916
0.904
0.944
0.976
0.992
1.012
0.988
0.948
0.907
0.923
0.947
0.979
0.999
0.987
1.011
1.027
1.019
0.995
0.983
0.967
0.923
0.919
0.971
1.031
1.047
0.999
0.995
0.995
0.959
0.903
0.871
0.875
0.867
0.855
0.883
0.919
0.931
0.943
0.923
0.899
0.907
0.895
0.887
0.867
0.863
0.879
0.939
1.007
1.003
0.995
0.935
0.911
0.923
0.931
0.971
0.995
0.987
1.015
1.047
1.059
1.062
1.038
0.962
0.918
0.930
0.930
0.910
0.902
0.946
0.994
1.030
1.034
0.998
0.946
0.974
0.958
0.946
0.946
0.978
0.986
0.954
0.910
0.886
0.870
0.886
0.946
0.982
1.010
1.034
1.002
0.978
0.986
1.022
1.018
1.010
0.978
1.002
0.982
0.946
0.926
0.890
0.930
1.006
1.030
1.042
1.034
1.002
0.970
0.982
1.006
1.022
1.006
0.982
0.961
0.989
0.957
0.941
0.929
0.881
0.893
0.925
0.921
0.953
0.941
0.917
0.909
0.929
0.937
0.921
0.921
0.929
0.977
1.013
1.053
1.077
1.037
0.965
0.969
0.957
0.973
0.965
0.957
1.065
1.073
1.061
1.021
0.949
0.909
0.913
0.969
0.981
0.977
0.973
0.953
0.953
0.993
1.017
1.001
0.993
0.969
0.953
0.933
0.909
0.901
0.913
0.964
1.020
1.060
1.084
1.052
0.996
0.960
0.956
1.004
1.004
0.972
1.000
1.012
0.980
0.940
0.972
1.000
0.992
0.988
0.988
0.976
0.992
0.996
1.000
1.048
1.088
1.076
1.048
1.016
0.968
0.940
0.960
1.016
1.056
1.084
1.080
1.064
1.024
0.992
0.948
0.948
0.972
1.068
1.096
1.092
1.056
0.988
0.952
0.932
0.980
1.004
1.000
0.984
1.011
1.055
1.063
1.043
1.035
0.995
0.959
0.975
0.991
1.019
1.047
1.027
0.991
0.991
0.987
0.995
1.019
1.015
0.975
0.975
0.999
1.019
1.027
1.035
1.015
0.971
0.947
0.971
1.007
1.003
1.015
0.983
0.995
0.995
0.987
0.975
0.947
0.959
0.991
1.063
1.087
1.063
1.019
0.987
0.951
0.915
0.903
0.891
0.955
1.063
1.079
1.079
1.042
0.954
0.942
0.950
0.934
0.914
0.898
0.902
0.946
0.930
0.926
0.902
0.902
0.890
0.890
0.882
0.902
0.902
0.898
0.898
0.882
0.866
0.866
0.882
0.922
0.942
0.926
0.906
0.886
0.902
0.906
0.922
0.918
0.938
0.982
0.966
0.942
0.918
0.914
0.974
1.058
1.066
1.042
1.014
0.990
1.030
1.038
0.998
0.958
0.986
0.966
0.958
0.977
1.037
1.025
0.993
0.981
1.013
1.045
1.045
1.017
1.017
1.005
0.989
0.945
0.981
1.017
1.025
1.013
1.009
1.029
1.021
1.009
0.941
0.889
0.925
0.941
0.961
0.949
0.929
0.945
0.989
1.025
1.033
0.973
0.937
0.953
0.949
0.981
0.981
0.981
0.965
0.961
1.033
1.021
0.997
0.977
0.961
0.945
0.949
0.989
1.045
1.057
1.001
0.965
0.972
1.016
0.996
1.000
0.980
0.912
0.884
0.896
0.844
0.880
0.884
0.896
0.928
0.932
0.900
0.880
0.888
0.912
0.860
0.856
0.828
0.852
0.884
0.928
0.916
0.932
1.000
0.996
0.964
1.016
1.032
1.020
0.956
0.936
0.964
0.984
0.976
1.012
1.048
1.048
0.988
0.940
0.984
1.000
1.008
1.036
1.040
1.048
1.016
1.004
1.016
1.032
1.043
1.035
1.019
1.031
1.007
0.959
0.935
1.027
1.119
1.107
1.091
1.063
0.983
0.955
0.971
1.003
1.047
1.075
1.115
1.127
1.091
1.019
1.019
1.043
1.023
1.011
1.003
0.999
1.035
1.043
1.035
1.027
0.999
0.987
1.003
1.019
1.023
1.003
0.983
0.955
0.927
0.943
0.979
1.035
1.095
1.099
1.063
1.003
0.987
0.963
0.955
0.959
0.987
1.002
1.094
1.114
1.098
1.042
0.958
0.910
0.930
0.942
0.966
0.998
1.042
1.054
1.086
1.066
1.014
0.954
0.942
1.002
1.022
1.014
0.978
0.974
0.966
0.954
0.894
0.898
0.922
0.958
0.914
0.926
0.982
0.986
0.986
0.950
0.946
0.898
0.890
0.882
0.886
0.902
0.894
0.902
0.930
0.914
0.902
0.894
0.874
0.842
0.850
0.854
0.878
0.969
1.041
1.077
1.025
0.961
0.953
0.921
0.921
0.909
0.877
0.873
0.937
1.001
1.021
1.001
0.985
1.033
1.037
1.005
0.993
0.933
0.921
0.941
0.981
1.041
1.069
1.121
1.073
1.045
1.001
0.909
0.873
0.897
0.925
0.973
0.965
1.033
1.053
1.049
0.981
0.993
1.009
1.017
1.013
1.053
1.049
1.069
1.045
0.957
0.981
0.977
0.973
0.972
0.996
0.984
0.988
0.988
0.956
0.948
0.928
1.020
1.108
1.080
1.064
1.036
0.988
0.948
0.932
0.924
0.948
0.976
1.028
1.008
0.988
1.012
1.076
1.080
1.028
0.988
0.896
0.924
0.944
0.936
0.964
0.996
0.924
0.892
0.884
0.888
0.864
0.848
0.848
0.864
0.836
0.856
0.872
0.860
0.868
0.868
0.864
0.852
0.852
0.852
0.888
0.936
1.011
1.063
1.063
1.063
1.039
1.007
0.967
0.987
0.971
0.987
1.007
1.039
1.039
1.027
1.011
0.995
0.971
0.963
0.975
1.003
1.067
1.043
1.115
1.111
0.995
0.939
0.887
0.923
0.927
0.919
0.911
0.883
0.855
0.843
0.851
0.827
0.819
0.835
0.871
0.895
0.895
0.907
0.951
0.963
0.975
0.967
0.947
0.915
0.931
0.971
0.959
0.935
0.930
0.946
0.978
1.042
1.058
1.030
1.086
1.066
1.074
1.002
0.974
1.002
1.050
1.050
1.070
1.174
1.166
1.122
1.126
1.102
1.046
1.046
1.046
0.986
0.966
1.034
1.078
1.054
1.006
1.010
1.014
1.006
0.958
0.934
0.966
0.994
1.010
1.046
1.066
1.062
1.002
1.006
1.010
0.994
0.962
1.006
1.038
1.050
0.998
0.966
0.998
1.030
1.018
1.009
0.965
0.929
0.913
0.981
1.045
1.077
1.065
0.997
1.005
0.981
0.961
0.913
0.905
0.949
0.981
0.997
0.981
0.957
0.949
0.945
0.969
1.033
1.037
1.025
0.993
0.949
0.941
0.929
0.901
0.893
0.901
0.897
0.877
0.909
0.945
0.933
0.929
0.985
1.005
1.005
1.001
0.993
0.965
0.937
0.949
0.953
0.945
0.929
0.909
0.965
1.041
1.040
1.016
0.952
0.928
0.940
0.980
0.988
0.976
1.016
1.028
0.976
0.948
0.980
0.992
1.012
0.996
0.984
0.984
0.980
1.024
1.040
1.036
1.008
0.960
0.964
0.948
0.952
0.984
0.956
0.948
0.960
0.988
0.992
0.992
0.988
0.964
0.956
0.976
1.000
1.020
1.032
1.004
1.008
1.020
1.060
1.076
1.064
1.032
0.992
0.932
0.900
0.868
0.864
0.875
0.959
1.043
1.111
1.115
1.015
0.939
0.923
0.923
0.939
0.935
0.911
0.919
0.955
1.011
1.027
1.015
0.963
0.931
0.943
0.951
0.963
0.931
0.923
0.955
0.967
0.947
0.939
0.979
1.023
1.003
0.995
0.971
0.931
0.907
0.971
1.003
1.031
1.075
1.091
1.055
1.031
0.983
0.947
1.007
1.011
0.999
1.035
1.055
0.999
0.943
0.891
0.898
1.030
1.090
1.074
1.034
1.018
0.934
0.898
0.958
1.010
1.002
1.006
1.030
1.034
0.982
0.998
1.046
1.078
1.094
1.090
1.078
1.034
1.002
1.030
1.122
1.166
1.130
1.054
1.058
1.022
0.962
0.958
0.966
0.978
0.978
1.046
1.110
1.110
1.022
0.982
1.010
1.006
0.966
0.970
0.978
0.966
0.934
1.014
1.102
1.070
1.014
1.030
0.985
0.921
0.941
0.921
0.913
0.913
0.981
1.013
1.009
0.973
0.965
0.973
0.937
0.913
0.945
0.973
1.009
0.957
0.977
0.997
0.965
0.945
0.969
0.973
0.965
0.945
0.965
0.973
0.941
0.925
0.937
0.933
0.933
0.941
0.913
0.913
0.925
0.881
0.877
0.917
0.941
0.905
0.905
0.957
0.989
1.009
0.997
0.953
0.945
0.957
0.981
0.981
0.981
0.968
0.948
0.928
0.904
0.896
0.908
0.932
1.004
1.040
1.068
1.032
0.988
0.940
0.892
0.880
0.936
0.964
1.016
1.000
0.972
0.996
0.996
0.988
0.968
0.984
0.980
0.944
0.948
0.980
0.972
0.952
0.936
0.992
1.000
0.988
0.952
0.956
0.944
0.920
0.928
0.980
0.996
0.972
1.024
1.028
0.976
0.936
0.980
0.984
0.968
0.952
1.012
1.039
0.999
1.007
1.075
1.091
1.015
0.967
0.983
1.027
1.063
1.067
1.063
1.031
0.979
0.963
0.995
1.023
1.075
1.075
1.051
0.983
0.931
0.947
0.983
0.995
1.007
0.955
0.931
0.923
0.959
0.987
0.979
0.939
0.899
0.895
0.903
0.923
0.931
0.931
0.955
1.059
1.071
1.019
1.011
1.031
1.043
1.055
1.015
0.999
0.987
0.983
1.031
1.011
0.974
0.910
0.874
0.874
0.886
0.954
0.998
0.982
0.954
0.954
0.954
0.966
0.974
0.954
0.922
0.910
0.930
0.954
1.026
1.050
1.018
0.978
0.906
0.886
0.910
0.934
0.946
0.934
0.946
1.006
1.002
0.970
0.926
0.950
0.962
0.926
0.910
0.938
0.946
0.942
1.002
0.990
0.994
0.954
0.938
0.926
0.922
0.914
0.922
0.938
0.918
0.914
0.913
0.985
0.985
0.965
0.889
0.897
0.881
0.841
0.833
0.857
0.889
0.885
0.933
0.997
1.021
0.989
0.957
0.913
0.925
0.969
1.001
1.009
0.985
1.077
1.073
1.069
1.045
0.981
0.933
0.921
0.917
1.009
1.121
1.121
1.065
1.041
0.973
0.977
0.977
0.981
1.009
1.041
1.041
1.069
1.069
1.069
1.033
1.005
0.997
0.989
0.989
0.989
0.973
0.992
1.028
1.032
1.000
0.972
0.924
0.904
0.972
0.980
0.992
0.944
0.940
0.936
0.916
0.884
0.924
0.964
0.912
0.976
0.980
0.984
0.980
0.960
0.932
0.916
0.892
0.848
0.832
0.840
0.888
0.940
0.956
0.960
0.952
0.980
0.996
0.996
1.016
1.020
1.004
1.008
0.972
0.936
0.932
0.984
1.028
1.044
1.072
1.032
0.976
0.924
0.900
0.927
0.991
1.123
1.179
1.111
1.043
0.987
0.971
0.983
0.955
0.939
0.983
1.099
1.123
1.115
1.039
0.951
0.951
0.931
0.943
0.939
0.931
0.963
1.003
0.967
0.927
0.959
0.983
1.011
0.971
0.979
0.959
0.947
0.935
0.955
0.987
1.011
1.011
1.027
1.011
0.975
0.995
1.003
0.987
0.975
0.995
1.007
0.939
0.939
0.999
1.071
1.079
1.046
1.002
0.938
0.910
0.958
0.970
0.966
0.966
0.946
0.914
0.914
0.942
1.006
1.026
1.018
0.966
0.938
0.938
0.930
0.942
0.926
0.938
0.926
0.942
0.914
0.906
0.910
0.878
0.842
0.870
0.850
0.826
0.818
0.794
0.778
0.786
0.786
0.790
0.834
0.890
0.898
0.906
0.882
0.910
0.966
0.962
0.902
0.918
0.914
0.962
0.946
0.986
0.946
0.885
0.889
1.097
1.117
1.109
1.077
1.037
0.997
0.949
0.941
0.965
1.017
1.089
1.153
1.141
1.141
1.105
1.033
0.969
1.013
0.985
0.993
1.045
1.109
1.105
1.061
1.029
0.945
0.945
1.013
1.057
1.085
1.085
1.049
1.005
1.005
1.009
1.009
0.997
0.997
0.973
0.921
0.917
0.945
1.053
1.125
1.141
1.117
1.081
1.021
0.961
0.961
0.972
0.996
1.024
1.008
0.956
0.948
1.036
1.084
1.108
1.080
1.064
1.032
0.996
0.972
0.920
0.956
0.992
1.044
1.076
1.064
1.060
1.004
0.996
1.008
0.968
0.920
0.936
1.008
1.064
1.068
1.032
1.092
1.068
0.956
0.948
0.948
0.964
0.944
0.952
1.040
1.036
0.988
0.964
1.016
1.044
1.036
0.996
0.976
1.068
1.076
1.076
1.068
1.100
1.083
1.067
1.031
0.971
0.903
0.955
1.023
1.035
1.035
1.079
1.111
1.071
1.059
1.063
1.023
0.975
0.999
1.019
1.083
1.083
0.999
0.939
0.963
0.983
1.043
1.123
1.047
1.091
1.059
1.027
0.939
0.927
0.959
0.995
1.039
1.079
1.055
1.031
0.971
0.923
0.915
0.975
1.015
0.991
0.947
0.991
0.991
0.983
0.927
0.919
0.955
0.987
0.986
0.942
0.946
0.966
0.966
0.942
0.918
0.982
1.022
1.002
0.970
0.974
0.974
1.034
1.034
1.066
1.034
0.962
0.950
0.998
1.034
1.054
1.042
1.026
1.042
1.038
1.034
0.986
0.898
0.886
0.918
0.950
0.954
0.958
1.034
1.118
1.098
1.010
0.918
0.930
0.914
0.918
0.898
0.946
1.022
1.074
1.074
1.066
1.062
1.038
0.994
0.978
0.994
1.001
1.001
1.021
1.017
0.981
0.957
0.925
0.989
0.997
0.989
0.945
0.969
0.981
0.973
0.957
0.985
0.981
0.937
0.949
0.945
0.933
0.885
0.909
0.901
0.909
0.901
0.873
0.909
0.901
0.885
0.865
0.945
0.993
1.021
0.977
0.925
0.913
0.929
0.929
0.937
0.929
0.937
0.969
0.961
0.929
0.897
0.917
0.969
0.989
0.961
0.949
1.025
1.068
1.028
0.988
0.984
1.016
1.012
1.020
0.984
0.996
0.984
0.980
0.928
0.896
0.996
1.040
1.008
0.912
0.884
0.872
0.864
0.876
0.976
1.052
1.048
0.996
0.940
0.864
0.884
0.920
0.940
0.952
0.916
0.912
0.960
1.036
1.088
1.072
1.000
0.944
0.964
0.984
1.012
1.020
1.032
1.044
1.060
1.024
1.056
1.072
1.060
0.988
0.912
0.955
1.011
1.167
1.167
1.099
1.067
1.079
1.071
1.015
1.019
1.075
1.083
1.027
0.983
1.039
1.047
1.051
1.047
1.023
1.071
1.059
1.015
0.955
0.915
0.947
0.955
0.967
0.963
0.907
0.895
0.939
0.987
0.947
0.955
0.967
0.975
0.955
0.955
0.991
1.011
1.035
1.015
0.991
0.991
0.963
1.007
1.035
1.047
1.043
1.003
0.931
0.911
0.943
0.970
1.054
1.082
1.042
0.990
1.010
0.990
0.954
0.946
0.998
1.006
0.958
0.898
0.926
0.918
0.906
0.890
0.950
0.978
0.958
0.914
0.902
0.918
0.962
0.970
0.974
0.958
0.970
1.018
1.014
1.022
0.982
0.950
0.966
0.950
0.918
0.962
1.010
0.982
0.930
0.938
0.930
0.890
0.882
0.946
1.018
1.074
1.062
1.014
1.022
0.978
0.942
0.969
0.965
0.989
0.965
0.949
0.937
0.945
0.973
0.953
0.933
0.909
0.941
1.089
1.113
1.089
1.049
0.997
0.953
0.929
0.889
0.925
0.953
0.977
0.953
1.049
1.061
1.021
0.957
1.005
0.993
0.953
0.913
0.933
0.917
0.893
0.869
0.829
0.849
0.897
0.925
0.989
1.073
1.085
1.037
1.001
1.013
1.009
1.005
1.005
1.013
0.993
0.929
0.917
0.936
0.964
1.008
1.008
0.992
0.992
0.948
0.964
0.900
0.864
0.904
0.924
0.960
0.992
1.008
1.008
0.992
0.984
0.960
0.956
1.012
1.000
0.980
0.928
0.924
1.000
1.020
1.028
1.076
1.072
1.052
1.072
1.056
1.012
0.976
0.968
0.968
0.984
0.996
1.024
1.064
1.064
1.068
1.004
0.952
0.928
0.964
1.000
1.032
0.992
0.952
0.984
0.975
0.923
0.951
0.975
0.975
0.959
0.995
0.967
0.931
0.947
0.943
0.899
0.919
0.915
0.903
0.875
0.915
0.931
0.951
0.975
0.983
0.951
0.915
0.943
0.935
0.919
0.891
0.967
1.023
1.011
1.027
1.043
1.007
0.991
0.999
0.947
0.927
0.963
0.955
0.907
0.931
0.955
1.003
0.967
0.935
0.979
0.999
0.971
0.927
0.975
0.975
0.959
0.915
0.910
0.894
0.854
0.858
0.858
0.874
0.922
0.970
0.986
0.962
0.998
0.998
0.970
0.946
0.978
0.970
0.962
0.894
0.894
0.954
0.978
0.990
0.962
0.966
1.042
1.098
1.066
1.010
0.958
0.958
0.982
1.066
1.078
1.038
1.010
0.978
0.950
0.926
0.958
1.106
1.126
1.134
1.066
1.038
1.058
1.010
1.046
1.042
1.018
0.970
0.906
0.914
0.941
0.945
0.961
0.949
0.921
0.937
0.933
0.897
0.881
0.961
0.997
1.013
1.013
1.025
0.973
0.877
0.877
0.921
0.953
0.953
0.925
0.909
0.953
0.965
0.977
0.989
0.953
0.985
0.981
0.997
1.005
1.005
0.997
0.977
0.957
0.949
0.945
0.957
0.989
1.001
1.037
1.077
1.073
1.037
1.013
1.049
1.085
1.081
0.993
0.945
0.981
1.073
1.084
1.020
0.988
0.976
0.932
0.896
0.864
0.896
1.060
1.128
1.096
1.036
1.012
0.972
0.964
0.960
0.948
0.968
0.992
0.988
0.964
0.988
1.008
1.004
0.940
0.920
0.952
0.908
0.896
0.872
0.824
0.824
0.840
0.884
0.956
0.988
1.032
1.012
1.004
0.980
0.912
0.864
0.892
0.900
0.932
0.972
0.988
0.984
0.968
1.028
1.024
1.028
1.040
1.111
1.091
1.003
0.959
1.023
1.031
1.071
1.055
1.011
1.023
1.011
0.979
0.923
0.923
0.939
0.963
0.991
0.999
0.975
0.951
0.979
1.055
1.047
1.035
1.031
0.951
0.903
0.863
0.835
0.855
0.959
1.067
1.111
1.119
1.079
1.039
0.979
0.923
0.927
1.043
1.099
1.163
1.183
1.139
1.099
1.043
0.975
0.931
0.903
1.003
1.135
1.175
1.154
1.058
1.014
0.962
0.890
0.850
0.858
0.906
0.930
0.946
0.938
0.902
0.874
0.898
0.906
0.894
0.890
0.882
0.918
0.906
0.918
0.898
0.926
0.946
0.966
0.970
0.978
0.962
0.970
0.954
0.902
0.902
0.946
0.954
0.986
0.958
0.918
0.942
0.918
0.902
0.854
0.858
0.818
0.818
0.838
0.862
0.850
0.862
0.902
0.946
0.966
0.990
0.922
0.909
0.945
0.929
0.929
0.893
0.889
0.909
1.001
1.033
1.069
1.021
0.997
0.961
0.949
0.981
0.973
0.969
0.961
0.953
0.985
1.045
1.065
1.089
1.021
0.985
0.985
0.973
0.945
0.901
0.909
1.045
1.141
1.157
1.081
0.981
0.933
0.909
0.905
0.901
0.933
0.977
1.025
1.081
1.053
1.001
0.977
0.997
1.017
0.997
0.949
0.913
0.885
0.872
0.872
0.936
1.020
1.080
1.032
0.976
0.980
1.012
0.996
0.944
0.876
0.856
0.896
0.904
0.932
0.976
1.004
1.048
1.044
1.008
0.984
0.952
0.980
0.956
0.988
1.020
1.004
1.008
0.920
0.904
0.928
0.960
0.996
1.016
0.980
0.896
0.888
0.880
0.904
0.916
0.880
0.908
0.908
0.936
0.956
0.968
0.968
1.008
1.036
1.096
1.120
1.080
1.047
0.991
0.967
0.963
0.959
0.987
1.011
0.983
1.015
1.051
1.051
1.027
1.007
0.979
0.967
0.919
0.879
0.883
0.891
1.007
1.123
1.103
1.039
0.979
0.923
0.871
0.859
0.859
0.915
0.951
0.967
0.979
0.927
0.919
0.959
0.991
0.971
0.923
0.947
0.947
0.919
0.923
0.947
0.967
0.955
0.947
0.903
0.931
0.923
0.967
0.991
1.023
0.966
0.914
0.886
0.946
0.982
1.026
1.050
1.026
0.954
0.954
0.966
0.978
0.974
0.970
0.954
0.938
0.878
0.870
0.870
0.946
0.970
0.954
0.910
0.938
0.950
0.930
0.918
0.882
0.858
0.862
0.906
0.966
1.010
1.090
1.018
1.026
1.006
1.034
1.026
0.966
0.994
1.042
1.046
1.070
1.074
1.054
0.962
0.902
0.934
0.954
0.946
0.938
1.009
1.041
1.057
1.041
1.037
0.953
0.933
0.981
1.021
1.017
1.017
1.081
1.061
0.993
0.969
1.001
0.973
0.933
1.025
1.053
1.029
1.025
0.993
0.949
0.921
0.957
0.981
1.021
1.013
1.053
1.025
1.017
1.013
1.001
0.989
0.985
0.953
0.989
1.029
1.013
1.009
0.961
0.901
0.897
0.905
1.017
1.077
1.089
1.097
1.121
1.093
1.065
1.037
1.072
0.968
1.004
1.012
1.060
1.048
1.088
1.064
1.028
0.964
0.972
1.016
1.028
1.008
0.980
0.988
1.016
1.032
1.020
0.992
0.980
0.976
0.972
0.908
0.912
0.932
0.956
0.952
0.936
0.944
0.960
0.932
0.928
0.932
0.940
0.916
0.928
0.964
0.992
0.944
0.924
0.912
0.952
0.992
0.984
0.964
0.932
0.956
0.960
0.952
0.920
0.920
0.963
0.971
0.959
0.903
0.947
0.971
0.967
0.923
0.963
0.959
0.947
0.963
0.903
0.879
0.899
0.959
0.971
0.919
0.903
0.923
0.923
0.947
0.931
1.003
0.955
1.039
1.103
1.059
0.975
0.927
0.915
0.915
0.903
0.887
0.923
0.943
0.939
0.915
0.923
0.923
0.939
0.947
0.927
0.883
0.891
0.907
0.911
0.903
0.927
0.967
0.971
0.971
0.919
0.938
0.894
0.838
0.858
0.862
0.874
0.954
0.922
0.938
0.958
0.954
0.942
0.922
0.890
0.862
0.878
0.862
0.838
0.850
0.838
0.918
0.966
0.982
0.974
0.922
0.930
0.910
0.906
0.910
0.874
0.886
0.918
0.894
0.938
0.978
0.922
0.974
0.998
1.006
1.038
1.030
1.050
0.986
0.990
1.026
1.066
1.062
0.998
1.014
0.974
0.934
0.918
0.921
0.877
0.873
0.909
0.929
0.965
1.017
0.973
0.945
1.005
1.065
1.049
0.969
0.953
0.933
0.921
0.881
0.949
0.961
1.061
1.085
1.105
1.049
0.989
1.017
1.033
1.077
1.061
1.109
1.101
1.037
0.989
0.945
0.953
1.013
1.149
1.105
1.049
1.101
1.121
1.057
0.953
0.905
0.925
0.989
0.981
0.969
0.949
0.949
1.049
1.037
1.041
0.976
0.960
0.960
0.952
0.920
0.908
0.948
0.976
0.984
0.992
0.956
0.956
0.940
0.948
0.924
0.900
0.944
0.976
1.032
0.976
0.988
1.008
0.988
0.920
0.924
0.908
0.968
0.980
0.968
1.012
1.012
0.988
0.908
0.904
0.932
1.020
1.080
1.108
1.016
1.032
1.016
0.996
0.948
0.956
0.944
0.900
0.912
0.976
0.972
0.944
0.908
0.960
0.956
0.935
0.939
0.931
0.903
0.923
0.951
1.011
1.039
1.035
1.003
0.991
0.915
0.875
0.891
0.939
0.963
0.971
0.995
0.983
1.023
1.007
0.979
0.931
0.911
0.899
0.907
0.879
0.891
1.003
1.075
1.071
0.987
1.039
1.003
0.935
0.915
0.923
0.915
0.899
0.911
0.955
0.895
0.915
0.951
0.947
0.919
0.927
0.915
0.931
0.915
0.927
0.975
0.918
0.902
0.938
0.946
0.946
0.986
0.934
0.910
0.942
0.938
0.898
0.874
0.926
0.966
0.986
0.998
0.970
0.942
0.950
0.966
0.926
0.898
0.886
0.950
0.974
0.966
0.966
0.958
0.962
0.966
0.962
1.018
1.026
0.962
0.918
0.974
1.014
1.034
1.018
1.010
0.934
0.882
0.926
0.918
0.918
0.906
0.974
1.070
1.046
0.986
1.018
1.018
0.966
0.917
0.893
0.953
1.001
1.041
1.013
0.933
0.973
0.989
1.009
0.969
0.945
1.005
1.049
1.029
0.981
0.905
0.913
0.893
0.917
0.905
0.865
0.853
0.873
0.957
1.041
1.049
0.965
0.953
0.977
0.961
0.945
0.925
0.949
0.965
1.029
1.009
0.953
0.969
0.997
1.005
0.985
0.965
1.005
0.985
0.913
0.925
0.953
0.989
0.989
0.989
0.949
1.008
1.036
0.996
1.008
0.944
0.916
0.948
0.952
0.920
0.944
0.920
1.004
1.080
1.132
1.136
1.080
1.044
1.028
1.040
1.060
1.068
1.060
1.052
1.052
1.040
1.060
1.012
0.972
0.980
1.000
1.020
1.064
1.040
0.972
1.024
1.000
0.952
0.936
0.996
1.000
0.964
1.028
1.032
1.008
0.940
0.928
0.920
0.916
0.864
0.864
0.872
0.888
0.884
0.863
0.867
0.895
0.907
0.903
0.911
0.943
0.923
0.919
0.931
0.923
0.891
0.927
0.927
0.927
0.915
0.943
1.003
0.995
0.959
0.951
0.931
0.903
0.899
0.903
0.911
0.947
0.927
0.919
0.935
0.987
1.039
1.015
1.003
0.991
0.959
0.927
0.963
0.927
0.895
0.923
0.955
0.927
0.875
0.907
0.879
0.839
0.811
0.807
0.807
0.799
0.807
0.818
0.822
0.794
0.798
0.834
0.866
0.850
0.914
0.978
0.978
0.934
0.922
0.882
0.918
0.882
0.890
0.906
0.886
0.874
0.982
1.018
1.018
0.926
0.838
0.834
0.806
0.810
0.802
0.802
0.818
0.806
0.850
0.898
0.918
0.870
0.834
0.850
0.834
0.822
0.802
0.794
0.830
0.842
0.842
0.898
0.958
0.982
0.978
0.974
0.910
0.910
0.930
0.953
0.977
0.941
0.985
1.073
1.069
1.045
1.029
1.045
0.969
0.965
1.001
1.049
1.073
1.077
1.045
0.961
0.961
0.929
0.977
1.001
0.997
0.921
0.933
0.953
0.961
0.929
0.989
1.021
1.025
0.989
0.965
0.961
0.941
0.933
0.965
0.997
0.973
0.913
0.965
0.989
0.985
0.933
0.961
0.965
0.977
0.961
0.981
1.013
1.029
1.013
0.945
0.929
0.948
0.956
0.956
0.928
0.992
1.012
0.984
0.964
0.912
0.972
0.980
1.032
0.996
0.948
0.932
0.996
1.028
1.040
1.040
0.988
0.940
0.964
0.968
0.980
0.928
0.980
1.008
1.032
0.976
0.932
0.880
0.908
0.924
0.956
0.940
0.960
0.980
0.980
0.936
0.920
0.952
0.968
1.028
0.996
0.964
0.972
0.996
1.040
1.024
0.996
0.988
0.980
0.963
0.939
0.955
1.047
1.131
1.039
0.955
0.919
0.963
0.967
0.983
0.967
0.971
1.019
1.047
1.019
1.063
1.067
1.007
0.951
0.987
1.031
1.019
1.007
0.947
0.979
0.991
1.011
0.979
0.931
0.939
0.971
0.983
0.963
0.927
0.983
1.007
1.011
0.967
0.899
0.899
0.875
0.879
0.899
0.935
0.975
1.015
1.003
1.027
1.007
0.943
0.903
0.935
0.950
0.934
0.918
0.886
0.914
0.962
0.970
0.962
0.962
0.962
0.946
1.026
1.026
0.974
0.934
1.002
1.006
1.006
0.958
0.894
0.890
0.882
0.870
0.866
0.910
0.946
0.934
0.954
0.982
0.950
0.910
0.950
0.986
0.894
0.894
0.906
0.902
0.870
0.894
0.906
0.910
0.958
0.982
0.962
0.906
0.874
0.886
0.886
0.910
0.902
0.926
1.014
1.045
1.013
1.061
1.053
0.981
0.977
0.965
0.925
0.945
1.017
1.077
0.985
0.977
0.945
0.949
0.941
1.037
1.065
0.993
0.977
1.005
1.013
0.949
0.961
0.993
0.921
0.901
0.973
1.109
1.089
1.093
1.105
0.997
0.993
0.981
0.961
0.961
0.957
0.909
0.941
0.965
1.013
1.053
1.085
1.053
0.989
0.973
0.993
0.961
0.961
1.041
1.093
1.065
1.056
1.076
0.980
0.960
0.964
0.936
0.960
1.020
1.024
1.036
0.968
0.928
1.024
1.104
1.084
1.012
0.952
0.972
0.972
0.952
0.972
1.052
1.084
0.984
0.956
0.968
0.960
0.952
0.912
0.880
0.860
0.860
0.812
0.808
0.804
0.796
0.792
0.812
0.844
0.848
0.868
0.852
0.828
0.816
0.808
0.816
0.832
0.856
0.852
0.860
0.892
0.932
0.967
0.987
1.007
0.955
0.903
0.831
0.803
0.811
0.863
0.907
0.867
0.843
0.879
0.887
0.895
0.891
0.895
0.939
1.027
1.007
0.931
0.935
0.923
0.899
0.871
0.971
1.003
0.991
0.967
0.999
1.019
0.967
0.907
0.955
0.983
0.951
1.003
1.083
1.015
1.031
1.055
1.035
0.975
0.963
1.047
1.051
1.019
1.023
1.079
0.963
0.935
0.935
0.938
0.970
0.906
0.910
0.902
0.870
0.826
0.838
0.918
1.030
1.066
1.054
1.070
1.086
1.066
1.026
0.978
0.974
0.986
0.986
0.998
1.010
1.018
1.038
1.018
1.050
1.038
0.982
0.994
1.086
1.110
1.030
1.070
0.998
0.970
1.022
1.054
1.126
1.086
1.074
1.062
0.994
0.966
0.966
0.986
0.950
0.914
0.994
1.006
1.074
1.066
1.058
1.042
1.009
1.001
0.921
0.897
0.929
0.977
1.021
0.993
1.045
1.125
1.105
1.073
1.021
0.917
0.929
0.973
1.025
1.025
1.033
1.053
0.989
0.981
0.949
0.969
1.017
1.077
1.109
1.073
1.001
0.989
0.949
0.917
0.929
0.961
1.009
1.009
0.965
0.913
0.981
0.965
0.925
0.957
1.017
1.037
0.969
0.977
1.009
0.989
1.009
0.937
0.989
1.005
0.932
0.932
0.984
1.068
1.068
1.000
1.012
1.008
0.992
1.000
1.020
0.952
1.000
1.016
0.920
0.940
0.940
0.924
0.864
0.864
0.860
0.868
0.908
0.980
1.020
0.992
0.948
0.940
0.992
0.960
0.904
0.920
0.940
0.936
1.048
1.072
1.080
1.020
0.908
0.832
0.804
0.836
0.884
0.904
0.860
0.804
0.764
0.752
0.748
0.736
0.772
0.792
0.832
0.863
0.907
0.871
0.855
0.847
0.895
0.895
0.935
0.971
0.943
0.923
0.939
0.931
0.979
1.047
1.039
1.059
1.011
0.983
0.943
0.875
0.839
0.823
0.847
0.839
0.887
0.971
0.883
0.835
0.815
0.775
0.763
0.771
0.759
0.803
0.831
0.895
0.851
0.827
0.803
0.819
0.855
0.827
0.871
1.003
1.019
0.919
0.951
1.015
0.935
0.931
1.035
0.998
0.938
0.990
1.026
0.938
0.938
0.870