1.206
1.122
1.074
1.155
0.967
1.239
1.111
1.040
1.324
1.044
1.053
1.281
1.025
1.189
1.230
1.226
1.122
1.247
1.303
1.223
1.280
1.240
1.164
1.084
1.021
1.533
1.297
1.210
1.350
1.150
1.002
1.159
1.071
1.063
1.076
1.448
1.360
1.265
1.249
1.277
1.309
1.450
1.262
1.214
1.227
1.387
1.387
1.355
1.336
1.368
1.472
1.433
1.301
1.201
1.390
1.382
1.314
1.130
1.323
1.447
1.047
1.088
1.132
1.024
1.365
1.265
1.333
1.377
1.290
1.330
1.390
1.259
1.407
1.447
1.335
1.248
1.324
1.304
1.325
1.201
1.357
1.442
1.326
1.238
1.410
1.387
1.203
1.299
1.388
1.340
1.260
1.340
1.233
1.249
1.389
1.274
1.170
1.322
1.359
1.147
1.127
1.083
1.016
1.196
1.204
1.201
1.349
1.321
1.289
1.190
1.242
1.286
1.311
1.239
1.395
1.336
1.296
1.272
1.344
1.281
1.473
1.317
1.270
1.382
1.262
1.354
1.387
1.239
1.343
1.304
1.264
1.472
1.317
1.245
1.337
1.325
1.278
1.298
1.274
1.283
1.247
1.243
1.239
1.332
1.264
1.308
1.317
1.277
1.341
1.206
1.214
1.226
1.042
1.083
1.095
1.331
1.316
1.276
1.240
1.377
1.353
1.197
1.329
1.314
1.194
1.326
1.371
1.431
1.311
1.347
1.380
1.328
1.240
1.425
1.397
1.269
1.422
1.402
1.258
1.386
1.403
1.199
1.091
1.348
1.212
1.044
1.456
1.217
1.305
1.341
1.310
1.270
1.354
1.291
1.395
1.375
1.251
1.420
1.300
1.216
1.409
1.313
1.257
1.445
1.310
1.286
1.418
1.295
1.427
1.355
1.268
1.428
1.328
1.372
1.393
1.329
1.425
1.254
1.346
1.410
1.386
1.387
1.235
1.411
1.348
1.364
1.380
1.253
1.409
1.309
1.429
1.426
1.418
1.442
1.395
1.495
1.395
1.483
1.324
1.440
1.308
1.417
1.401
1.317
1.286
1.238
1.150
1.086
1.135
1.131
1.191
1.176
1.208
1.192
1.129
1.265
1.233
1.341
1.290
1.266
1.310
1.227
1.371
1.267
1.215
1.412
1.320
1.452
1.349
1.357
1.469
1.298
1.426
1.302
1.386
1.347
1.403
1.411
1.336
1.428
1.300
1.484
1.301
1.441
1.337
1.466
1.410
1.442
1.399
1.303
1.427
1.303
1.440
1.344
1.340
1.293
1.361
1.305
1.317
1.438
1.302
1.366
1.235
1.355
1.323
1.400
1.404
1.372
1.368
1.317
1.393
1.305
1.374
1.262
1.354
1.254
1.303
1.303
1.299
1.392
1.300
1.372
1.233
1.457
1.269
1.357
1.318
1.330
1.422
1.331
1.419
1.247
1.411
1.352
1.376
1.424
1.325
1.509
1.313
1.430
1.290
1.382
1.382
1.419
1.399
1.315
1.424
1.268
1.240
1.149
1.321
1.329
1.281
1.262
1.114
0.962
0.931
1.015
1.127
1.383
1.264
1.324
1.304
1.225
1.357
1.241
1.306
1.374
1.342
1.278
1.431
1.427
1.275
1.412
1.432
1.268
1.408
1.469
1.477
1.457
1.406
1.442
1.378
1.471
1.283
1.431
1.303
1.400
1.428
1.280
1.469
1.409
1.421
1.305
1.282
1.358
1.222
1.359
1.291
1.355
1.392
1.380
1.464
1.324
1.461
1.421
1.421
1.406
1.326
1.410
1.322
1.451
1.363
1.383
1.484
1.444
1.448
1.373
1.481
1.285
1.433
1.354
1.454
1.514
1.431
1.363
1.207
1.375
1.428
1.304
1.424
1.381
1.365
1.481
1.322
1.486
1.350
1.346
1.499
1.323
1.407
1.332
1.300
1.568
1.481
1.341
1.465
1.425
1.398
1.326
1.398
1.255
1.227
1.451
1.187
1.084
1.088
1.060
1.009
1.453
1.309
1.334
1.342
1.262
1.342
1.339
1.279
1.371
1.360
1.356
1.388
1.276
1.425
1.397
1.405
1.398
1.234
1.446
1.391
1.399
1.435
1.307
1.460
1.324
1.416
1.288
1.196
1.400
1.364
1.352
1.263
1.263
1.403
1.327
1.363
1.411
1.315
1.403
1.439
1.467
1.459
1.351
1.407
1.382
1.422
1.510
1.394
1.442
1.390
1.366
1.362
1.334
1.358
1.258
1.402
1.237
1.317
1.237
1.317
1.281
1.209
1.405
1.425
1.317
1.393
1.417
1.301
1.369
1.444
1.416
1.308
1.276
1.400
1.304
1.316
1.456
1.296
1.356
1.444
1.364
1.464
1.339
1.275
1.447
1.351
1.403
1.359
1.363
1.451
1.391
1.427
1.407
1.503
1.382
1.422
1.314
1.510
1.410
1.322
1.398
1.266
1.382
1.334
1.354
1.390
1.254
1.357
1.197
1.109
1.237
1.421
1.457
1.329
1.369
1.285
1.313
1.293
1.293
1.377
1.276
1.352
1.316
1.264
1.228
1.272
1.204
1.300
1.240
1.300
1.296
1.264
1.272
1.347
1.279
1.363
1.307
1.331
1.271
1.431
1.367
1.431
1.371
1.363
1.323
1.254
1.394
1.266
1.338
1.338
1.282
1.350
1.194
1.318
1.406
1.294
1.382
1.286
1.409
1.429
1.369
1.397
1.293
1.349
1.261
1.517
1.417
1.317
1.441
1.357
1.465
1.388
1.412
1.440
1.312
1.416
1.372
1.372
1.452
1.312
1.368
1.336
1.268
1.275
1.211
1.251
1.283
1.279
1.419
1.327
1.343
1.331
1.231
1.235
1.131
1.211
1.246
1.286
1.318
1.186
1.214
1.410
1.394
1.410
1.426
1.350
1.466
1.350
1.422
1.429
1.261
1.373
1.317
1.273
1.429
1.345
1.417
1.369
1.325
1.393
1.281
1.400
1.284
1.340
1.360
1.288
1.484
1.316
1.348
1.396
1.324
1.440
1.316
1.384
1.371
1.287
1.387
1.303
1.331
1.451
1.387
1.447
1.303
1.367
1.339
1.343
1.447
1.290
1.430
1.370
1.410
1.378
1.354
1.418
1.290
1.442
1.330
1.350
1.370
1.318
1.425
1.305
1.413
1.465
1.373
1.429
1.453
1.305
1.293
1.405
1.301
1.409
1.440
1.376
1.396
1.296
1.360
1.364
1.292
1.548
1.436
1.264
1.396
1.428
1.384
1.395
1.279
1.435
1.399
1.375
1.451
1.263
1.423
1.359
1.399
1.399
1.299
1.371
1.238
1.306
1.390
1.290
1.502
1.414
1.398
1.302
1.334
1.342
1.326
1.390
1.385
1.253
1.357
1.341
1.261
1.377
1.357
1.289
1.189
1.077
1.125
1.141
1.337
1.256
1.192
1.360
1.344
1.316
1.372
1.288
1.356
1.352
1.288
1.396
1.316
1.332
1.303
1.187
1.295
1.259
1.327
1.379
1.307
1.475
1.363
1.323
1.435
1.271
1.319
1.378
1.286
1.342
1.314
1.242
1.330
1.238
1.294
1.178
1.206
1.354
1.198
1.245
1.281
1.281
1.365
1.257
1.369
1.257
1.293
1.337
1.309
1.393
1.273
1.413
1.276
1.392
1.332
1.396
1.376
1.312
1.384
1.236
1.392
1.280
1.368
1.316
1.368
1.415
1.327
1.487
1.319
1.355
1.359
1.311
1.359
1.259
1.419
1.287
1.343
1.330
1.406
1.418
1.338
1.390
1.306
1.422
1.386
1.330
1.414
1.330
1.466
1.314
1.401
1.361
1.409
1.401
1.325
1.433
1.389
1.381
1.525
1.273
1.313
1.241
1.013
1.092
1.160
1.088
0.980
1.052
1.176
1.388
1.312
1.288
1.364
1.284
1.320
1.339
1.235
1.263
1.227
1.171
1.255
1.199
1.255
1.279
1.203
1.371
1.307
1.315
1.330
1.202
1.342
1.278
1.266
1.298
1.230
1.358
1.358
1.354
1.382
1.306
1.318
1.337
1.345
1.357
1.341
1.449
1.325
1.421
1.373
1.337
1.421
1.345
1.281
1.417
1.368
1.460
1.264
1.296
1.368
1.280
1.376
1.244
1.412
1.324
1.296
1.392
1.299
1.343
1.299
1.431
1.399
1.359
1.383
1.315
1.435
1.427
1.311
1.291
1.179
1.298
1.286
1.290
1.250
1.438
1.366
1.310
1.442
1.290
1.370
1.374
1.270
1.370
1.365
1.269
1.449
1.317
1.369
1.405
1.333
1.445
1.345
1.405
1.441
1.397
1.428
1.292
1.360
1.268
1.400
1.400
1.256
1.484
1.476
1.432
1.444
1.348
1.428
1.279
1.379
1.319
1.355
1.375
1.259
1.419
1.275
1.447
1.435
1.427
1.415
1.299
1.410
1.294
1.374
1.458
1.306
1.382
1.386
1.426
1.410
1.282
1.362
1.278
1.270
1.401
1.293
1.241
1.249
1.201
1.321
1.297
1.281
1.345
1.221
1.209
1.333
1.308
1.212
1.440
1.348
1.344
1.496
1.324
1.396
1.272
1.236
1.428
1.272
1.280
1.167
1.199
1.163
1.027
0.959
0.935
0.931
0.967
1.027
0.995
0.931
0.935
1.207
1.242
1.126
1.134
1.214
1.134
1.182
1.258
1.190
1.302
1.274
1.234
1.346
1.253
1.177
1.357
1.341
1.257
1.293
1.293
1.293
1.369
1.305
1.309
1.433
1.389
1.224
1.348
1.368
1.448
1.328
1.296
1.348
1.272
1.404
1.424
1.352
1.504
1.312
1.467
1.287
1.367
1.295
1.351
1.335
1.299
1.391
1.219
1.403
1.303
1.355
1.382
1.338
1.446
1.326
1.346
1.402
1.370
1.462
1.342
1.326
1.238
1.274
1.454
1.353
1.493
1.321
1.381
1.349
1.297
1.405
1.293
1.361
1.425
1.313
1.409
1.437
1.484
1.492
1.348
1.536
1.464
1.304
1.436
1.300
1.428
1.400
1.384
1.400
1.240
1.359
1.319
1.295
1.459
1.331
1.351
1.375
1.223
1.427
1.363
1.331
1.455
1.374
1.306
1.386
1.206
1.382
1.350
1.414
1.314
1.218
1.206
1.142
1.242
1.150
1.225
1.297
1.165
1.241
1.269
1.145
1.189
1.293
1.217
1.273
1.181
1.285
1.277
1.248
1.324
1.276
1.232
1.328
1.308
1.304
1.356
1.248
1.292
1.416
1.340
1.411
1.423
1.371
1.399
1.223
1.131
1.255
1.223
1.287
1.355
1.315
1.355
1.123
1.086
1.018
0.982
1.350
1.298
1.390
1.230
1.338
1.298
1.314
1.402
1.302
1.350
1.413
1.281
1.497
1.425
1.409
1.413
1.377
1.409
1.529
1.421
1.433
1.509
1.237
1.436
1.508
1.376
1.348
1.400
1.448
1.564
1.372
1.300
1.272
1.188
1.320
1.155
1.219
1.187
1.047
1.003
1.059
1.347
1.319
1.259
1.251
1.263
1.115
0.975
0.958
1.022
1.126
1.202
1.262
1.262
1.226
1.378
1.418
1.406
1.314
1.226
1.310
1.241
1.237
1.397
1.293
1.309
1.409
1.257
1.401
1.441
1.257
1.321
1.237
1.272
1.308
1.204
1.392
1.264
1.308
1.208
1.088
1.212
1.192
1.352
1.284
1.292
1.379
1.351
1.435
1.311
1.391
1.287
1.403
1.315
1.347
1.443
1.311
1.331
1.359
1.470
1.522
1.406
1.462
1.402
1.466
1.486
1.354
1.390
1.326
1.449
1.386
1.274
1.362
1.278
1.234
1.358
1.174
0.982
1.063
1.203
1.115
1.303
1.143
1.291
1.191
1.231
1.204
1.224
1.252
1.180
1.324
1.240
1.256
1.364
1.224
1.293
1.333
1.277
1.145
1.101
1.137
1.085
1.153
1.150
1.050
0.982
0.842
0.974
1.106
1.066
1.234
1.139
1.291
1.191
1.175
1.227
1.139
1.259
1.207
1.400
1.336
1.364
1.364
1.224
1.360
1.208
1.272
1.208
1.361
1.249
1.473
1.293
1.389
1.313
1.293
1.409
1.350
1.326
1.394
1.414
1.446
1.526
1.470
1.502
1.359
1.535
1.415
1.483
1.359
1.527
1.307
1.431
1.308
1.448
1.360
1.452
1.384
1.320
1.440
1.316
1.540
1.361
1.317
1.297
1.269
1.449
1.449
1.465
1.425
1.314
1.438
1.290
1.482
1.378
1.350
1.422
1.286
1.375
1.335
1.379
1.343
1.323
1.391
1.319
1.311
1.360
1.256
1.592
1.288
1.392
1.460
1.248
1.388
1.404
1.285
1.441
1.257
1.425
1.297
1.525
1.301
1.421
1.310
1.346
1.382
1.278
1.454
1.266
1.354
1.306
1.363
1.379
1.283
1.391
1.191
1.371
1.359
1.299
1.316
1.228
1.436
1.212
1.308
1.360
1.332
1.288
1.237
1.377
1.233
1.381
1.205
1.433
1.297
1.281
1.341
1.206
1.422
1.226
1.414
1.238
1.254
1.394
1.314
1.383
1.231
1.367
1.215
1.375
1.295
1.343
1.279
1.228
1.472
1.296
1.456
1.332
1.384
1.404
1.384
1.353
1.225
1.397
1.237
1.357
1.313
1.229
1.377
1.205
1.302
1.234
1.266
1.318
1.302
1.374
1.238
1.414
1.219
1.275
1.239
1.275
1.415
1.251
1.363
1.235
1.428
1.284
1.212
1.300
1.180
1.412
1.336
1.216
1.333
1.217
1.309
1.285
1.273
1.285
1.217
1.489
1.277
1.318
1.322
1.290
1.342
1.202
1.374
1.222
1.254
1.339
1.287
1.363
1.219
1.363
1.355
1.279
1.427
1.320
1.288
1.304
1.272
1.456
1.396
1.480
1.340
1.469
1.301
1.465
1.301
1.469
1.305
1.445
1.433
1.385
1.330
1.254
1.418
1.210
1.322
1.242
1.294
1.334
1.231
1.371
1.227
1.307
1.127
1.379
1.303
1.291
1.292
1.224
1.332
1.152
1.352
1.220
1.296
1.308
1.361
1.389
1.285
1.349
1.341
1.385
1.233
1.421
1.233
1.354
1.282
1.286
1.438
1.274
1.326
1.314
1.294
1.327
1.203
1.503
1.335
1.283
1.419
1.263
1.375
1.316
1.312
1.296
1.216
1.316
1.176
1.300
1.204
1.301
1.301
1.373
1.293
1.309
1.425
1.249
1.353
1.189
1.322
1.378
1.238
1.414
1.222
1.438
1.374
1.318
1.343
1.263
1.399
1.255
1.363
1.259
1.355
1.251
1.260
1.312
1.212
1.372
1.224
1.332
1.224
1.336
1.357
1.193
1.341
1.333
1.265
1.353
1.193
1.313
1.334
1.242
1.310
1.214
1.358
1.470
1.386
1.450
1.354
1.415
1.239
1.415
1.351
1.271
1.539
1.279
1.483
1.356
1.380
1.304
1.352
1.300
1.252
1.460
1.232
1.249
1.137
1.253
1.285
1.057
1.061
1.041
0.977
1.182
1.222
1.362
1.266
1.322
1.286
1.290
1.310
1.214
1.327
1.215
1.315
1.275
1.275
1.343
1.347
1.323
1.164
1.308
1.352
1.280
1.348
1.300
1.384
1.236
1.401
1.361
1.381
1.357
1.289
1.337
1.249
1.453
1.266
1.334
1.274
1.338
1.350
1.302
1.374
1.330
1.342
1.263
1.403
1.331
1.427
1.287
1.403
1.455
1.371
1.376
1.372
1.360
1.260
1.396
1.228
1.356
1.368
1.377
1.397
1.289
1.365
1.197
1.325
1.325
1.357
1.358
1.194
1.374
1.242
1.326
1.350
1.314
1.474
1.370
1.367
1.239
1.611
1.375
1.439
1.311
1.363
1.279
1.296
1.300
1.344
1.336
1.272
1.320
1.244
1.348
1.233
1.401
1.249
1.365
1.301
1.401
1.389
1.309
1.342
1.234
1.478
1.226
1.318
1.286
1.190
1.446
1.266
1.307
1.267
1.411
1.431
1.351
1.403
1.259
1.507
1.348
1.360
1.388
1.400
1.416
1.384
1.588
1.368
1.481
1.361
1.333
1.437
1.417
1.441
1.265
1.409
1.370
1.234
1.390
1.234
1.294
1.314
1.238
1.234
1.086
1.095
1.143
1.167
1.163
1.083
1.187
1.171
1.099
1.204
1.248
1.112
1.280
1.376
1.244
1.440
1.352
1.329
1.369
1.321
1.413
1.225
1.497
1.417
1.353
1.294
1.202
1.322
1.226
1.414
1.298
1.314
1.410
1.323
1.467
1.287
1.347
1.243
1.363
1.575
1.387
1.471
1.292
1.388
1.524
1.464
1.472
1.376
1.472
1.368
1.373
1.545
1.313
1.337
1.401
1.253
1.441
1.221
1.190
1.434
1.326
1.454
1.386
1.318
1.398
1.298
1.299
1.315
1.227
1.415
1.223
1.479
1.615
1.367
1.375
1.456
1.412
1.452
1.316
1.492
1.396
1.492
1.440
1.269
1.381
1.293
1.557
1.469
1.389
1.489
1.393
1.338
1.430
1.186
1.314
1.506
1.470
1.394
1.298
1.459
1.379
1.343
1.447
1.455
1.311
1.403
1.195
1.475
1.364
1.364
1.376
1.376
1.388
1.268
1.448
1.292
1.285
1.297
1.253
1.581
1.329
1.393
1.461
1.325
1.474
1.482
1.210
1.454
1.346
1.498
1.450
1.318
1.387
1.331
1.319
1.411
1.295
1.279
1.275
1.367
1.451
1.248
1.396
1.368
1.304
1.532
1.324
1.300
1.352
1.545
1.473
1.433
1.481
1.445
1.425
1.501
1.569
1.346
1.546
1.466
1.486
1.398
1.422
1.530
1.418
1.379
1.451
1.419
1.531
1.367
1.279
1.547
1.271
1.319
1.416
1.376
1.468
1.284
1.476
1.348
1.404
1.440
1.265
1.489
1.417
1.301
1.605
1.305
1.285
1.213
1.554
1.410
1.546
1.414
1.334
1.306
1.186
1.198
1.139
1.103
1.035
1.139
1.163
1.287
1.227
1.135
1.215
1.152
1.240
1.336
1.264
1.264
1.372
1.320
1.272
1.449
1.457
1.257
1.357
1.261
1.473
1.433
1.253
1.482
1.310
1.350
1.434
1.294
1.390
1.290
1.390
1.363
1.347
1.355
1.275
1.395
1.235
1.287
1.227
1.004
1.028
1.032
1.088
1.336
1.276
1.344
1.276
1.332
1.365
1.405
1.449
1.373
1.369
1.421
1.385
1.377
1.406
1.234
1.358
1.318
1.154
1.354
1.158
1.278
1.195
1.175
1.171
1.051
1.167
1.219
1.203
1.351
1.232
1.432
1.424
1.464
1.448
1.432
1.504
1.360
1.256
1.145
1.249
1.205
1.225
1.049
1.149
1.145
1.109
1.058
0.998
0.942
0.966
1.226
1.174
1.226
1.234
1.247
1.299
1.227
1.239
1.259
1.215
1.379
1.399
1.248
1.352
1.336
1.212
1.344
1.324
1.284
1.432
1.304
1.353
1.293
1.269
1.405
1.293
1.401
1.253
1.317
1.318
1.250
1.350
1.250
1.418
1.382
1.366
1.378
1.271
1.367
1.275
1.431
1.375
1.347
1.391
1.263
1.444
1.372
1.356
1.440
1.324
1.408
1.304
1.404
1.404
1.412
1.476
1.268
1.376
1.324
1.392
1.404
1.332
1.392
1.248
1.372
1.280
1.264
1.352
1.288
1.344
1.276
1.260
1.320
1.216
1.356
1.256
1.356
1.384
1.328
1.432
1.444
1.560
1.352
1.404
1.328
1.448
1.432
1.408
1.440
1.364
1.556
1.352
1.444
1.408
1.456
1.460
1.404
1.500
1.344
1.472
1.380
1.440
1.324
1.340
1.456
1.428
1.456
1.276
1.428
1.328
1.360
1.448
1.400
1.436
1.288
1.436
1.316
1.440
1.388
1.400
1.404
1.312
1.472
1.296
1.468
1.368
1.436
1.448
1.344
1.524
1.336
1.368
1.268
1.364
1.356
1.380
1.300
1.232
1.368
1.188
1.208
1.180
1.116
1.104
1.092
1.308
1.212
1.236
1.332
1.252
1.316
1.248
1.088
1.076
0.928
0.916
0.916
0.908
0.952
1.060
1.172
1.244
1.176
1.232
1.184
1.180
1.308
1.196
1.236
1.304
1.196
1.408
1.380
1.372
1.324
1.284
1.412
1.320
1.528
1.440
1.500
1.376
1.452
1.364
1.364
1.288
1.404
1.448
1.192
1.208
1.084
1.112
1.236
1.200
1.336
1.308
1.248
1.336
1.196
1.252
1.352
1.288
1.244
1.348
1.256
1.396
1.316
1.368
1.372
1.308
1.424
1.272
1.368
1.424
1.376
1.444
1.304
1.368
1.376
1.312
1.256
1.112
1.276
1.252
1.284
1.480
1.436
1.404
1.252
1.304
1.264
1.224
1.328
1.200
1.284
1.340
1.268
1.344
1.200
1.272
1.372
1.300
1.384
1.216
1.312
1.412
1.344
1.372
1.220
1.352
1.444
1.284
1.464
1.464
1.428
1.392
1.264
1.472
1.452
1.196
1.180
1.132
1.048
1.120
1.204
1.344
1.236
1.280
1.308
1.156
1.288
1.348
1.252
1.408
1.288
1.396
1.324
1.272
1.420
1.252
1.400
1.324
1.280
1.408
1.248
1.356
1.320
1.172
1.400
1.392
1.384
1.316
1.156
1.152
1.072
0.992
0.940
1.112
1.304
1.328
1.316
1.276
1.260
1.156
1.328
1.288
1.304
1.316
1.280
1.380
1.324
1.384
1.332
1.344
1.384
1.248
1.356
1.320
1.408
1.400
1.260
1.416
1.260
1.324
1.412
1.264
1.456
1.320
1.420
1.404
1.224
1.436
1.364
1.352
1.516
1.492
1.440
1.328
1.388
1.264
1.412
1.316
1.276
1.400
1.228
1.328
1.336
1.236
1.356
1.332
1.352
1.356
1.260
1.388
1.268
1.464
1.320
1.368
1.368
1.388
1.388
1.296
1.416
1.304
1.436
1.352
1.364
1.368
1.260
1.376
1.328
1.344
1.432
1.244
1.348
1.372
1.328
1.400
1.256
1.408
1.280
1.436
1.284
1.336
1.292
1.308
1.380
1.260
1.404
1.280
1.316
1.348
1.072
1.196
1.352
1.356
1.408
1.276
1.456
1.332
1.132
1.156
1.444
1.412
1.284
1.408
1.252
1.340
1.304
1.308
1.476
1.412
1.500
1.332
1.372
1.368
1.152
1.124
1.332
1.384
1.368
1.180
1.212
1.176
1.044
0.900
0.960
1.164
1.000
0.964
1.064
1.192
1.208
1.256
1.296
1.256
1.232
1.236
1.244
1.244
1.252
1.252
1.284
1.304
1.208
1.536
1.400
1.332
1.460
1.280
1.344
1.220
1.316
1.400
1.360
1.376
1.276
1.392
1.284
1.428
1.340
1.312
1.400
1.388
1.496
1.364
1.404
1.272
1.420
1.344
1.416
1.428
1.296
1.432
1.300
1.404
1.316
1.336
1.400
1.264
1.396
1.272
1.444
1.368
1.364
1.428
1.392
1.392
1.236
1.312
1.264
1.272
1.472
1.328
1.436
1.308
1.380
1.336
1.344
1.452
1.276
1.436
1.340
1.388
1.368
1.280
1.332
1.212
1.372
1.352
1.316
1.500
1.420
1.340
1.460
1.348
1.536
1.304
1.416
1.344
1.360
1.376
1.220
1.316
1.224
1.308
1.316
1.220
1.356
1.216
1.272
1.236
1.220
1.324
1.240
1.344
1.212
1.168
1.104
0.980
0.948
1.104
1.348
1.296
1.200
1.248
1.220
1.200
1.300
1.244
1.232
1.308
1.252
1.404
1.352
1.300
1.444
1.384
1.292
1.552
1.328
1.460
1.328
1.304
1.376
1.208
1.408
1.428
1.480
1.400
1.352
1.452
1.272
1.340
1.304
1.364
1.448
1.320
1.420
1.228
1.332
1.540
1.340
1.464
1.412
1.544
1.388
1.424
1.424
1.344
1.432
1.260
1.412
1.412
1.332
1.448
1.276
1.368
1.344
1.380
1.396
1.276
1.412
1.276
1.412
1.316
1.392
1.320
1.296
1.312
1.224
1.400
1.304
1.392
1.424
1.264
1.364
1.300
1.256
1.216
1.152
1.520
1.324
1.336
1.296
1.204
1.300
1.184
1.288
1.304
1.212
1.432
1.332
1.388
1.368
1.332
1.388
1.284
1.396
1.268
1.364
1.288
1.256
1.308
1.112
1.092
1.032
0.972
0.972
1.352
1.180
1.000
0.968
1.084
1.192
1.288
1.304
1.284
1.296
1.176
1.264
1.260
1.188
1.344
1.388
1.236
1.464
1.352
1.292
1.408
1.308
1.432
1.424
1.348
1.500
1.452
1.372
1.508
1.356
1.484
1.320
1.376
1.512
1.328
1.428
1.496
1.256
1.420
1.332
1.476
1.476
1.472
1.512
1.332
1.396
1.320
1.344
1.448
1.408
1.320
1.412
1.336
1.516
1.608
1.360
1.408
1.492
1.396
1.452
1.324
1.436
1.264
1.372
1.296
1.364
1.352
1.308
1.480
1.368
1.372
1.420
1.468
1.532
1.324
1.440
1.440
1.312
1.620
1.408
1.540
1.516
1.340
1.492
1.428
1.228
1.564
1.356
1.436
1.324
1.356
1.300
1.300
1.336
1.220
1.332
1.156
1.280
1.268
1.236
1.372
1.204
1.356
1.252
1.344
1.464
1.384
1.500
1.448
1.420
1.312
1.420
1.420
1.376
1.376
1.292
1.404
1.260
1.272
1.464
1.368
1.400
1.260
1.504
1.364
1.340
1.372
1.252
1.372
1.308
1.360
1.436
1.408
1.472
1.320
1.400
1.256
1.364
1.360
1.364
1.500
1.364
1.336
1.480
1.396
1.428
1.340
1.176
1.560
1.376
1.512
1.300
1.412
1.400
1.288
1.400
1.360
1.320
1.356
1.172
1.448
1.380
1.324
1.360
1.252
1.352
1.176
1.172
1.116
1.064
1.064
1.148
1.144
1.268
1.160
1.244
1.360
1.284
1.396
1.240
1.296
1.320
1.336
1.500
1.372
1.484
1.344
1.372
1.412
1.284
1.420
1.280
1.292
1.196
1.244
1.216
1.052
1.096
1.132
1.024
1.060
1.260
1.232
1.364
1.280
1.324
1.272
1.220
1.244
1.160
1.308
1.380
1.204
1.332
1.376
1.340
1.436
1.332
1.356
1.344
1.320
1.400
1.276
1.416
1.268
1.356
1.364
1.320
1.616
1.356
1.324
1.464
1.220
1.368
1.292
1.292
1.396
1.268
1.344
1.216
1.156
1.080
0.972
0.940
1.040
1.352
1.276
1.196
1.200
1.224
1.164
1.040
0.948
0.968
1.160
1.304
1.272
1.276
1.204
1.268
1.280
1.232
1.260
1.180
1.064
0.968
0.952
0.956
1.132
1.212
1.212
1.132
1.300
1.300
1.284
1.368
1.304
1.248
1.300
1.224
1.272
1.252
1.216
1.368
1.232
1.300
1.380
1.296
1.392
1.244
1.388
1.348
1.296
1.504
1.344
1.400
1.384
1.300
1.412
1.288
1.412
1.296
1.412
1.440
1.416
1.396
1.448
1.320
1.444
1.500
1.348
1.476
1.364
1.352
1.284
1.364
1.500
1.352
1.428
1.388
1.244
1.424
1.276
1.252
1.148
1.092
1.124
1.052
1.020
0.976
1.104
1.224
1.256
1.148
1.192
1.200
1.244
1.252
1.196
1.276
1.180
1.332
1.352
1.196
1.340
1.268
1.384
1.456
1.456
1.420
1.276
1.372
1.348
1.428
1.500
1.388
1.428
1.456
1.324
1.460
1.456
1.360
1.352
1.316
1.512
1.396
1.284
1.324
1.204
1.424
1.372
1.248
1.392
1.308
1.300
1.268
1.268
1.512
1.288
1.388
1.317
1.377
1.429
1.265
1.497
1.413
1.281
1.285
1.121
1.129
1.097
1.157
1.281
1.153
1.277
1.241
1.193
1.301
1.157
1.205
1.201
1.253
1.309
1.201
1.278
1.350
1.258
1.414
1.354
1.346
1.226
1.318
1.362
1.322
1.230
1.374
1.334
1.206
1.214
1.306
1.222
1.066
1.102
1.094
1.050
0.950
0.974
1.122
1.263
1.311
1.247
1.311
1.299
1.303
1.371
1.243
1.331
1.351
1.295
1.379
1.171
1.387
1.339
1.383
1.451
1.403
1.411
1.287
1.435
1.315
1.375
1.467
1.404
1.456
1.424
1.336
1.468
1.324
1.408
1.316
1.412
1.324
1.336
1.392
1.240
1.320
1.336
1.216
1.392
1.240
1.348
1.280
1.196
1.288
1.128
1.196
1.149
1.093
1.117
1.077
1.061
1.065
1.037
1.277
1.237
1.233
1.305
1.201
1.281
1.317
1.317
1.321
1.305
1.397
1.261
1.357
1.341
1.365
1.409
1.293
1.454
1.398
1.450
1.298
1.430
1.350
1.498
1.406
1.430
1.386
1.426
1.342
1.406
1.370
1.386
1.382
1.414
1.458
1.278
1.310
1.254
1.410
1.326
1.350
1.319
1.363
1.319
1.391
1.291
1.307
1.327
1.191
1.327
1.223
1.243
1.287
1.335
1.423
1.327
1.415
1.263
1.387
1.291
1.379
1.343
1.343
1.407
1.311
1.415
1.284
1.360
1.300
1.408
1.372
1.380
1.388
1.352
1.428
1.360
1.416
1.280
1.392
1.284
1.372
1.372
1.356
1.364
1.308
1.440
1.276
1.420
1.308
1.328
1.337
1.269
1.413
1.249
1.337
1.309
1.353
1.385
1.321
1.405
1.289
1.425
1.293
1.353
1.329
1.301
1.401
1.265
1.405
1.357
1.361
1.369
1.245
1.349
1.322
1.286
1.350
1.198
1.314
1.310
1.294
1.382
1.242
1.334
1.306
1.370
1.394
1.310
1.406
1.342
1.398
1.302
1.366
1.354
1.326
1.366
1.290
1.354
1.279
1.363
1.223
1.199
1.071
0.999
1.027
1.191
1.231
1.203
1.139
1.111
1.091
1.071
1.175
1.107
1.071
1.047
1.011
1.095
1.131
1.027
1.099
1.159
1.036
1.056
1.224
1.228
1.292
1.176
1.252
1.268
1.284
1.320
1.204
1.312
1.248
1.308
1.336
1.292
1.356
1.232
1.344
1.296
1.368
1.352
1.300
1.348
1.245
1.369
1.241
1.381
1.317
1.297
1.385
1.221
1.345
1.301
1.333
1.345
1.349
1.413
1.385
1.473
1.277
1.369
1.309
1.297
1.369
1.257
1.421
1.341
1.342
1.450
1.362
1.362
1.262
1.362
1.310
1.554
1.322
1.330
1.270
1.334
1.346
1.338
1.354
1.250
1.490
1.334
1.362
1.322
1.326
1.326
1.186
1.182
1.146
1.095
1.303
1.319
1.327
1.315
1.243
1.335
1.243
1.335
1.223
1.287
1.295
1.307
1.367
1.271
1.347
1.239
1.335
1.239
1.343
1.347
1.351
1.351
1.339
1.292
1.340
1.292
1.332
1.280
1.328
1.304
1.320
1.324
1.264
1.396
1.216
1.356
1.344
1.344
1.408
1.236
1.416
1.392
1.404
1.436
1.448
1.360
1.212
1.289
1.225
1.389
1.333
1.297
1.357
1.249
1.349
1.225
1.253
1.253
1.169
1.245
1.237
1.013
0.993
0.989
0.921
1.001
1.065
1.205
1.345
1.293
1.217
1.226
1.166
1.266
1.230
1.258
1.306
1.222
1.298
1.250
1.314
1.378
1.358
1.390
1.278
1.374
1.382
1.378
1.334
1.318
1.442
1.262
1.326
1.262
1.290
1.443
1.307
1.415
1.323
1.479
1.327
1.407
1.283
1.379
1.267
1.399
1.287
1.359
1.379
1.363
1.371
1.355
1.363
1.387
1.355
1.419
1.355
1.379
1.395
1.324
1.480
1.332
1.480
1.360
1.384
1.324
1.296
1.388
1.268
1.452
1.292
1.312
1.360
1.312
1.424
1.340
1.428
1.488
1.404
1.372
1.284
1.188
1.444
1.281
1.417
1.189
1.185
1.189
1.257
1.377
1.265
1.417
1.285
1.385
1.437
1.313
1.413
1.313
1.461
1.465
1.417
1.521
1.461
1.433
1.429
1.397
1.497
1.314
1.414
1.286
1.274
1.398
1.330
1.446
1.238
1.386
1.226
1.354
1.382
1.330
1.322
1.262
1.342
1.146
1.234
1.246
1.214
1.158
1.154
1.242
1.118
1.046
0.963
0.951
0.895
0.907
0.971
0.971
0.951
0.883
0.855
0.823
0.859
0.835
0.823
0.835
0.847
0.863
0.903
0.935
0.931
0.919
0.919
0.891
0.875
0.887
0.924
1.008
1.168
1.196
1.228
1.356
1.280
1.208
1.232
1.144
1.216
1.152
1.280
1.300
1.216
1.292
1.192
1.360
1.208
1.336
1.304
1.300
1.424
1.372
1.401
1.365
1.413
1.401
1.477
1.373
1.465
1.361
1.489
1.373
1.465
1.325
1.449
1.417
1.365
1.453
1.345
1.385
1.353
1.385
1.393
1.361
1.441
1.345
1.462
1.294
1.414
1.290
1.386
1.326
1.314
1.430
1.270
1.382
1.250
1.394
1.418
1.382
1.398
1.334
1.450
1.310
1.270
1.318
1.410
1.494
1.410
1.418
1.351
1.375
1.251
1.383
1.235
1.367
1.243
1.283
1.343
1.315
1.371
1.303
1.443
1.323
1.395
1.379
1.375
1.387
1.243
1.243
1.115
1.131
1.111
0.991
1.016
1.340
1.416
1.276
1.328
1.292
1.268
1.308
1.216
1.324
1.320
1.324
1.480
1.328
1.444
1.352
1.436
1.368
1.376
1.468
1.452
1.536
1.480
1.428
1.425
1.481
1.369
1.477
1.365
1.477
1.325
1.473
1.333
1.329
1.449
1.317
1.353
1.285
1.477
1.429
1.321
1.473
1.393
1.401
1.273
1.245
1.369
1.273
1.413
1.302
1.346
1.206
1.258
1.290
1.370
1.310
1.202
1.262
1.206
1.338
1.246
1.266
1.226
1.254
1.298
1.250
1.306
1.218
1.442
1.298
1.350
1.226
1.318
1.307
1.295
1.319
1.271
1.367
1.263
1.339
1.295
1.383
1.411
1.263
1.419
1.383
1.271
1.387
1.367
1.519
1.315
1.379
1.399
1.447
1.459
1.351
1.363
1.208
1.384
1.360
1.428
1.324
1.316
1.272
1.132
1.168
1.148
0.996
0.936
0.916
0.936
0.980
1.060
1.312
1.252
1.144
1.140
1.040
1.096
1.328
1.200
1.285
1.349
1.289
1.389
1.265
1.321
1.273
1.397
1.329
1.377
1.513
1.357
1.449
1.441
1.293
1.565
1.449
1.305
1.329
1.141
1.193
1.241
1.465
1.385
1.390
1.382
1.370
1.378
1.286
1.374
1.242
1.330
1.226
1.366
1.374
1.322
1.374
1.270
1.422
1.502
1.426
1.466
1.406
1.466
1.450
1.374
1.418
1.290
1.247
1.307
1.271
1.619
1.363
1.427
1.267
1.367
1.267
1.299
1.431
1.243
1.471
1.279
1.423
1.407
1.331
1.343
1.123
1.167
1.151
1.195
1.323
1.267
1.368
1.236
1.300
1.256
1.248
1.300
1.176
1.148
1.032
1.000
1.364
1.368
1.324
1.272
1.328
1.200
1.192
1.308
1.288
1.304
1.448
1.304
1.472
1.412
1.280
1.369
1.325
1.276
1.324
1.156
1.260
1.277
1.193
1.389
1.189
1.109
1.197
1.174
1.402
1.166
1.118
0.966
0.999
1.051
0.911
0.907
0.803
0.776
0.776
0.788
0.996
1.076
1.036
1.037
1.001
1.041
1.041
0.957
0.954
1.150
1.138
1.186
1.174
1.135
1.239
1.135
1.259
1.063
1.283
1.244
1.232
1.208
1.240
1.280
1.217
1.341
1.237
1.341
1.369
1.454
1.378
1.454
1.422
1.346
1.278
1.371
1.267
1.387
1.431
1.415
1.376
1.332
1.336
1.316
1.284
1.188
1.377
1.273
1.285
1.365
1.373
1.342
1.358
1.350
1.414
1.454
1.459
1.455
1.455
1.431
1.427
1.391
1.380
1.384
1.296
1.476
1.244
1.465
1.305
1.441
1.245
1.325
1.286
1.266
1.350
1.246
1.342
1.114
1.359
1.267
1.303
1.279
1.343
1.288
1.248
1.300
1.172
1.284
1.169
1.533
1.289
1.389
1.249
1.309
1.258
1.406
1.386
1.362
1.398
1.375
1.351
1.307
1.395
1.283
1.299
1.288
1.340
1.280
1.216
1.184
1.289
1.161
1.425
1.249
1.349
1.234
1.210
1.266
1.262
1.386
1.286
1.327
1.227
1.283
1.223
1.367
1.204
1.320
1.200
1.356
1.244
1.305
1.229
1.277
1.253
1.345
1.269
1.310
1.254
1.318
1.314
1.342
1.415
1.411
1.395
1.299
1.371
1.264
1.396
1.204
1.336
1.284
1.368
1.245
1.245
1.321
1.217
1.261
1.094
1.306
1.158
1.274
1.258
1.294
1.383
1.139
1.283
1.131
1.267
1.108
1.228
1.144
1.164
1.228
1.177
1.301
1.217
1.277
1.149
1.313
1.278
1.302
1.266
1.286
1.286
1.403
1.331
1.307
1.391
1.223
1.388
1.220
1.352
1.364
1.304
1.344
1.341
1.305
1.173
1.401
1.221
1.386
1.190
1.398
1.358
1.250
1.195
1.219
1.287
1.259
1.235
1.203
1.252
1.104
1.192
1.084
1.108
1.213
1.221
1.281
1.241
1.381
1.345
1.318
1.262
1.450
1.274
1.322
1.363
1.287
1.431
1.283
1.391
1.304
1.420
1.380
1.216
1.364
1.196
1.377
1.233
1.333
1.229
1.257
1.178
1.362
1.150
1.230
1.086
1.543
1.251
1.307
1.247
1.227
1.311
1.500
1.344
1.220
1.276
1.252
1.393
1.333
1.445
1.305
1.277
1.182
1.262
1.366
1.330
1.342
1.334
1.255
1.055
1.175
1.063
0.987
0.892
0.936
1.164
1.256
1.092
1.232
1.161
1.197
1.161
1.189
1.277
1.266
1.262
1.194
1.278
1.078
1.303
1.235
1.287
1.275
1.323
1.359
1.284
1.380
1.328
1.496
1.372
1.281
1.425
1.285
1.329
1.461
1.094
1.242
1.370
1.230
1.334
1.242
1.319
1.291
1.183
1.227
1.199
1.240
1.120
1.144
1.212
1.072
1.165
1.045
1.045
1.005
1.041
1.205
1.134
1.242
1.134
1.230
1.150
1.283
1.183
1.235
1.183
1.207
1.143
1.144
1.388
1.208
1.324
1.224
1.441
1.289
1.181
1.269
1.137
1.330
1.202
1.302
1.366
1.334
1.366
1.283
1.399
1.235
1.375
1.279
1.268
1.272
1.076
1.192
1.160
1.285
1.133
1.281
1.205
1.393
1.257
1.346
1.202
1.370
1.266
1.310
1.239
1.255
1.383
1.291
1.311
1.288
1.376
1.296
1.380
1.316
1.304
1.233
1.421
1.177
1.333
1.281
1.370
1.282
1.278
1.422
1.250
1.322
1.283
1.391
1.375
1.255
1.279
1.180
1.352
1.300
1.200
1.204
1.057
1.181
1.133
1.145
1.265
1.109
1.234
1.318
1.262
1.378
1.150
1.083
1.027
0.911
1.407
1.251
1.328
1.244
1.332
1.252
1.308
1.308
1.329
1.325
1.305
1.349
1.229
1.282
1.282
1.362
1.214
1.298
1.183
1.327
1.231
1.243
1.219
1.303
1.348
1.276
1.412
1.264
1.248
1.273
1.357
1.429
1.249
1.381
1.433
1.238
1.378
1.154
1.334
1.186
1.295
1.211
1.303
1.271
1.243
1.272
1.216
1.320
1.208
1.284
1.216
1.281
1.421
1.225
1.317
1.225
1.242
1.230
1.150
1.214
1.138
1.355
1.231
1.303
1.243
1.331
1.319
1.172
1.340
1.316
1.288
1.320
1.217
1.413
1.253
1.237
1.345
1.326
1.406
1.266
1.374
1.318
1.310
1.507
1.323
1.383
1.199
1.279
1.220
1.304
1.328
1.336
1.380
1.252
1.393
1.321
1.265
1.241
1.173
1.258
1.174
1.194
1.098
1.210
1.167
1.231
1.207
1.299
1.263
1.159
1.220
1.104
1.220
1.224
1.176
1.241
1.165
1.221
1.193
1.133
1.270
1.238
1.118
1.226
1.294
1.270
1.263
1.159
1.371
1.215
1.283
1.272
1.224
1.440
1.280
1.368
1.249
1.373
1.377
1.329
1.417
1.317
1.410
1.238
1.334
1.230
1.334
1.135
1.195
1.151
1.191
1.251
1.075
1.024
0.924
0.896
0.984
1.344
1.285
1.193
1.253
1.273
1.169
1.214
1.098
1.210
1.290
1.250
1.354
1.239
1.407
1.319
1.283
1.319
1.124
1.264
1.300
1.280
1.388
1.141
1.117
1.165
1.217
1.277
1.125
1.262
1.346
1.246
1.370
1.342
1.407
1.407
1.315
1.291
1.403
1.308
1.404
1.280
1.316
1.480
1.340
1.341
1.157
1.365
1.265
1.353
1.366
1.266
1.318
1.170
1.374
1.262
1.279
1.275
1.247
1.367
1.151
0.956
1.028
1.208
1.124
1.212
1.185
1.277
1.217
1.125
1.229
1.341
1.274
1.246
1.190
1.126
1.178
1.055
1.039
0.947
0.883
0.875
0.928
1.100
1.104
1.080
1.120
1.036
0.981
1.001
0.913
0.877
0.905
1.150
1.122
1.114
1.302
1.258
1.247
1.295
1.211
1.291
1.335
1.259
1.336
1.296
1.320
1.400
1.268
1.321
1.393
1.245
1.345
1.437
1.085
1.222
1.242
1.202
1.298
1.166
1.327
1.163
1.263
1.335
1.287
1.448
1.340
1.300
1.456
1.260
1.392
1.441
1.353
1.477
1.493
1.257
1.410
1.130
1.094
1.146
1.150
1.243
1.075
1.251
1.231
1.271
1.259
1.196
1.316
1.184
1.188
1.184
1.013
0.961
0.905
0.889
1.045
1.234
1.302
1.166
1.206
1.070
1.126
1.323
1.219
1.287
1.379
1.279
1.380
1.256
1.368
1.332
1.176
1.160
1.125
1.085
1.045
1.009
0.945
0.954
0.962
1.042
1.186
1.186
1.151
1.235
1.183
1.231
1.343
1.171
1.312
1.244
1.272
1.340
1.204
1.553
1.265
1.393
1.361
1.289
1.382
1.186
1.358
1.270
1.382
1.322
1.279
1.471
1.363
1.459
1.275
1.352
1.304
1.272
1.420
1.372
1.325
1.413
1.373
1.457
1.457
1.325
1.314
1.158
1.238
1.134
1.238
1.235
1.223
1.291
1.155
1.239
1.115
1.140
1.056
0.932
0.912
0.896
0.941
1.333
1.285
1.261
1.149
1.230
1.206
1.186
1.250
1.274
1.298
1.287
1.291
1.195
1.407
1.207
1.212
1.256
1.152
1.264
1.192
1.145
1.229
1.157
1.157
1.169
1.081
1.010
1.026
1.258
1.206
1.350
1.347
1.339
1.367
1.215
1.343
1.248
1.232
1.316
1.180
1.340
1.288
1.301
1.437
1.269
1.469
1.353
1.318
1.346
1.250
1.430
1.410
1.330
1.399
1.251
1.291
1.527
1.351
1.400
1.312
1.320
1.468
1.376
1.385
1.445
1.341
1.333
1.361
1.421
1.442
1.362
1.402
1.234
1.326
1.247
1.311
1.379
1.235
1.279
1.148
1.208
1.352
1.264
1.380
1.216
1.337
1.341
1.225
1.333
1.257
1.454
1.338
1.334
1.338
1.326
1.495
1.379
1.363
1.527
1.395
1.379
1.480
1.384
1.324
1.352
1.368
1.256
1.284
1.196
1.288
1.316
1.320
1.388
1.256
1.312
1.212
1.240
1.332
1.256
1.360
1.264
1.336
1.244
1.104
1.036
1.036
1.340
1.252
1.172
1.128
1.144
1.064
1.192
1.224
1.264
1.156
0.996
0.948
0.908
0.880
0.876
0.888
0.912
0.920
0.936
0.988
0.964
1.004
1.120
1.136
1.196
1.188
1.180
1.072
1.092
1.136
1.100
1.152
1.104
1.044
1.088
1.288
1.200
1.304
1.200
1.208
1.216
1.140
1.264
1.180
1.076
1.012
0.976
1.108
1.160
1.160
1.068
1.072
1.192
1.272
1.352
1.296
1.284
1.356
1.228
1.408
1.372
1.352
1.344
1.192
1.208
1.180
1.152
1.364
1.328
1.360
1.368
1.240
1.380
1.328
1.356
1.332
1.296
1.356
1.192
1.284
1.420
1.408
1.344
1.240
1.264
1.360
1.488
1.440
1.420
1.372
1.360
1.404
1.352
1.420
1.316
1.416
1.312
1.380
1.396
1.356
1.344
1.328
1.416
1.200
1.124
1.364
1.408
1.344
1.336
1.216
1.312
1.268
1.336
1.292
1.344
1.364
1.268
1.324
1.268
1.248
1.252
1.160
1.216
1.340
1.348
1.224
1.272
1.228
1.252
1.300
1.172
1.288
1.328
1.320
1.368
1.248
1.376
1.268
1.300
1.268
1.224
1.328
1.260
1.348
1.388
1.376
1.392
1.356
1.432
1.280
1.288
1.244
1.264
1.384
1.292
1.288
1.384
1.240
1.304
1.264
1.228
1.180
1.120
1.276
1.336
1.260
1.368
1.332
1.372
1.324
1.184
1.268
1.240
1.356
1.412
1.292
1.428
1.376
1.340
1.420
1.372
1.352
1.292
1.420
1.364
1.392
1.412
1.232
1.228
1.292
1.208
1.376
1.268
1.308
1.380
1.324
1.404
1.256
1.316
1.332
1.420
1.360
1.340
1.372
1.256
1.368
1.352
1.240
1.336
1.276
1.264
1.352
1.212
1.244
1.140
1.144
1.032
0.984
1.000
1.148
1.308
1.308
1.300
1.208
1.260
1.284
1.272
1.316
1.184
1.264
1.212
1.260
1.436
1.224
1.148
1.072
1.140
1.228
1.328
1.268
1.204
1.160
1.100
1.040
1.048
1.124
1.180
1.228
1.280
1.172
1.196
1.032
0.960
0.956
1.048
1.404
1.216
1.276
1.312
1.148
1.180
1.204
1.136
1.144
1.116
1.088
1.220
1.240
1.280
1.324
1.300
1.380
1.408
1.416
1.252
1.300
1.192
1.320
1.348
1.200
1.268
1.356
1.316
1.232
1.312
1.284
1.344
1.420
1.368
1.472
1.328
1.332
1.404
1.332
1.460
1.384
1.408
1.408
1.228
1.392
1.300
1.360
1.408
1.324
1.360
1.248
1.340
1.256
1.256
1.304
1.196
1.324
1.272
1.380
1.252
1.192
1.372
1.292
1.384
1.308
1.400
1.472
1.344
1.344
1.344
1.364
1.292
1.348
1.244
1.312
1.244
1.304
1.352
1.356
1.460
1.360
1.416
1.296
1.332
1.316
1.216
1.292
1.284
1.292
1.308
1.200
1.408
1.368
1.344
1.392
1.264
1.408
1.328
1.364
1.444
1.360
1.436
1.384
1.284
1.388
1.272
1.408
1.244
1.432
1.304
1.348
1.336
1.180
1.260
1.300
1.228
1.316
1.292
1.380
1.376
1.336
1.432
1.296
1.316
1.348
1.320
1.400
1.260
1.416
1.348
1.244
1.300
1.204
1.148
1.068
0.968
1.012
1.408
1.248
1.336
1.232
1.232
1.188
1.140
1.148
1.236
1.192
1.228
1.288
1.208
1.176
1.160
1.088
1.004
0.996
1.036
1.320
1.268
1.244
1.300
1.260
1.252
1.348
1.260
1.288
1.364
1.228
1.376
1.488
1.364
1.352
1.208
1.248
1.264
1.244
1.516
1.340
1.384
1.364
1.396
1.308
1.384
1.396
1.420
1.268
1.344
1.376
1.348
1.420
1.264
1.420
1.284
1.352
1.396
1.320
1.428
1.404
1.424
1.376
1.400
1.432
1.384
1.436
1.280
1.384
1.284
1.156
1.232
1.176
1.164
1.168
1.120
1.208
1.256
1.280
1.156
1.052
1.084
1.204
1.132
1.296
1.208
1.152
1.228
1.076
1.168
1.224
1.088
1.100
1.168
1.196