1.028
1.056
1.088
1.108
1.100
1.084
1.072
1.068
1.060
1.064
1.064
1.068
1.024
1.000
0.947
1.003
1.091
1.115
1.115
1.119
1.107
1.099
1.087
1.067
1.067
1.043
1.043
1.047
1.039
1.059
1.059
1.079
1.079
1.051
1.019
1.023
1.023
1.015
1.006
1.018
0.982
0.954
0.958
1.002
1.026
1.042
1.054
1.046
1.018
1.062
1.066
1.026
1.066
1.062
1.014
1.046
1.050
1.034
1.070
1.078
1.046
1.082
1.074
1.041
1.061
1.045
1.001
1.033
1.049
1.025
1.057
0.965
0.941
0.905
0.909
1.093
1.029
1.093
1.141
1.065
1.089
1.085
1.033
1.057
1.077
1.073
1.073
1.088
1.100
1.044
1.092
1.112
1.064
1.116
1.112
1.088
1.120
1.120
1.076
1.100
1.100
1.048
1.052
0.980
1.012
0.980
1.016
1.008
0.988
1.076
1.052
1.028
1.083
1.095
1.067
1.103
1.095
1.079
1.103
1.067
1.079
1.087
1.035
1.039
1.015
1.031
1.059
1.027
1.075
1.075
1.047
1.091
1.107
1.055
1.067
1.055
1.011
1.054
1.026
1.042
0.970
0.974
0.874
0.890
0.862
0.882
0.950
1.026
1.094
1.082
1.082
1.054
1.078
1.078
1.054
1.082
1.078
1.034
1.070
1.090
1.098
1.113
1.121
1.117
1.113
1.117
1.077
1.049
1.077
1.085
1.069
1.113
1.105
1.069
1.097
1.073
1.013
1.041
1.065
1.021
1.097
1.097
1.053
1.101
1.121
1.077
1.116
1.116
1.064
1.108
1.072
0.968
0.956
0.996
1.112
1.068
1.152
1.152
1.120
1.152
1.088
1.120
1.100
1.024
1.008
0.948
0.888
0.912
0.956
1.108
1.135
1.099
1.135
1.135
1.055
1.043
1.055
1.027
1.051
1.075
1.087
1.063
1.131
1.143
1.075
1.115
1.135
1.087
1.163
1.167
1.119
1.155
1.135
1.075
1.107
1.130
1.074
1.134
1.130
1.054
1.118
1.122
1.082
1.134
1.106
1.038
1.050
1.006
0.970
1.022
1.046
1.038
1.146
1.154
1.086
1.110
1.074
1.042
1.098
1.153
1.121
1.169
1.149
1.089
1.069
1.033
0.973
0.989
1.085
1.069
1.213
1.229
1.137
1.133
1.097
0.997
0.977
0.981
0.981
1.069
1.113
1.093
1.085
1.113
1.096
1.072
1.088
1.092
1.092
1.128
1.128
1.108
1.080
1.060
1.044
1.060
1.052
0.984
0.996
1.000
1.028
1.008
1.064
1.100
1.056
1.100
1.104
1.044
1.063
1.075
1.023
1.055
1.075
1.035
1.091
1.103
1.067
1.083
1.103
1.063
1.083
1.107
1.067
1.031
1.071
1.079
1.031
1.075
1.103
1.043
1.027
1.059
1.055
1.066
1.130
1.138
1.122
1.134
1.094
1.078
1.106
1.086
1.054
1.074
1.054
1.038
1.082
1.066
1.058
1.110
1.114
1.054
1.082
1.042
1.062
1.082
1.046
1.017
1.077
1.101
1.077
1.125
1.089
1.065
1.081
1.041
1.025
1.009
0.961
0.917
0.917
1.169
1.053
1.121
1.165
1.117
1.149
1.153
1.081
1.093
1.097
1.077
1.060
1.092
1.088
1.076
1.096
1.092
1.048
1.084
1.112
1.076
1.100
1.108
1.052
1.092
1.088
1.040
1.076
1.100
1.056
1.088
1.100
1.048
1.044
1.080
1.072
1.027
1.063
1.059
1.027
1.079
1.107
1.059
1.103
1.111
1.059
1.099
1.095
1.051
1.095
1.067
1.035
1.067
1.139
1.087
1.091
1.135
1.111
1.095
1.135
1.114
1.114
1.146
1.086
1.078
1.078
1.030
1.066
1.098
1.070
1.154
1.146
1.106
1.134
1.094
1.062
1.082
1.074
1.054
1.094
1.070
1.050
1.082
1.070
1.054
1.101
1.085
1.057
1.081
1.053
1.041
1.069
1.033
1.025
1.053
1.045
1.037
1.081
1.065
1.041
1.077
1.129
1.073
1.089
1.069
1.009
1.033
1.045
1.029
1.084
1.120
1.092
1.128
1.128
1.060
1.072
1.048
1.012
1.028
1.056
1.016
1.048
1.076
1.044
1.032
1.068
1.064
1.036
1.072
1.040
1.012
1.044
1.048
0.992
1.003
1.011
0.991
1.031
1.123
1.099
1.099
1.123
1.083
1.055
1.091
1.019
0.955
0.875
0.835
0.847
0.847
0.855
1.035
0.999
1.091
1.039
1.019
1.075
1.090
1.050
1.090
1.082
1.026
1.042
1.070
1.046
1.070
1.110
1.070
1.094
1.114
1.070
1.098
1.118
1.086
1.130
1.158
1.102
1.118
1.094
1.030
1.066
1.082
1.049
1.093
1.133
1.073
1.117
1.101
1.073
1.093
1.033
0.997
1.029
1.009
0.993
1.053
1.077
1.025
1.081
1.073
1.025
1.057
1.037
1.017
1.065
1.041
0.980
1.024
1.044
1.060
1.216
1.136
1.164
1.176
1.136
1.160
1.096
1.136
1.132
1.092
1.152
1.156
1.120
1.136
1.100
1.076
1.080
1.064
1.040
1.060
1.064
1.039
1.071
1.059
1.015
1.035
1.059
1.027
1.071
1.075
1.027
1.051
1.031
1.003
1.027
1.039
1.011
1.043
1.071
1.047
1.055
1.103
1.071
1.047
1.063
1.039
1.018
1.042
1.054
1.006
1.038
1.034
1.006
1.018
1.062
1.022
1.014
1.042
1.022
1.006
1.050
1.046
1.030
1.086
1.074
1.030
1.038
1.058
0.954
0.922
0.869
0.873
0.877
0.965
1.085
1.017
0.933
0.869
0.889
1.053
1.165
1.173
1.109
1.117
1.109
1.069
1.037
1.045
1.045
1.001
1.037
1.057
1.045
1.065
1.089
1.040
1.068
1.072
1.064
1.072
1.064
1.052
1.072
1.080
1.076
1.036
0.964
0.944
0.908
0.944
1.024
1.048
1.084
1.088
1.052
1.072
1.068
1.012
1.044
1.067
1.031
1.079
1.075
1.047
1.095
1.067
1.067
1.103
1.043
1.075
1.087
1.039
1.075
1.051
1.023
1.059
1.051
1.043
1.079
1.067
1.039
1.067
1.055
1.059
1.062
1.026
1.050
1.074
1.030
1.058
1.054
1.022
1.062
1.058
1.006
1.046
1.046
1.018
1.054
1.062
1.022
1.070
1.082
1.042
1.090
1.070
1.030
1.066
1.069
1.033
1.037
1.081
1.061
1.057
1.085
1.057
1.033
1.057
1.069
1.025
1.045
1.053
1.025
0.993
1.033
1.065
1.033
1.065
1.061
1.025
1.029
1.065
1.033
1.020
1.084
1.076
1.044
1.080
1.068
1.024
1.056
1.040
0.984
1.020
1.012
0.980
1.032
1.036
1.004
1.056
1.052
1.028
1.080
1.040
1.020
1.052
1.048
1.027
1.091
1.111
1.075
1.099
1.067
1.011
1.047
1.059
1.035
1.091
1.099
1.063
1.091
1.095
1.039
1.055
1.063
1.039
1.079
1.135
1.107
1.111
1.119
1.059
1.062
1.074
1.050
1.106
1.122
1.082
1.102
1.094
1.050
1.066
1.062
1.026
1.042
1.062
1.046
1.082
1.106
1.082
1.110
1.126
1.066
1.042
1.062
1.062
1.021
1.057
1.033
0.997
1.037
1.057
1.037
1.001
1.053
1.045
1.009
1.053
1.069
1.037
1.041
1.081
1.037
1.025
1.077
1.037
1.009
1.045
1.049
1.009
1.045
1.068
1.020
1.064
1.040
1.032
1.092
1.068
1.016
1.028
0.988
0.960
1.000
1.012
0.984
1.052
1.052
0.984
0.944
0.928
0.888
0.872
0.888
0.936
0.940
1.032
0.975
0.903
0.907
0.911
0.879
0.891
0.943
0.963
0.971
1.083
1.119
1.023
1.027
1.063
1.071
1.059
1.067
1.015
0.939
0.851
0.819
0.887
1.315
1.167
1.146
1.082
1.086
1.094
1.082
1.062
1.074
1.082
1.058
1.078
1.074
1.066
1.082
1.098
1.126
1.122
1.030
1.010
1.014
0.986
1.038
1.066
1.066
1.014
1.034
1.045
1.053
1.105
1.125
1.105
1.117
1.093
1.017
1.009
1.041
1.077
1.049
1.093
1.117
1.057
1.101
1.085
1.009
1.033
1.017
0.977
1.057
1.137
1.089
1.180
1.180
1.120
1.168
1.144
1.100
1.104
1.072
1.048
1.088
1.056
1.056
1.084
1.052
1.032
1.056
1.052
1.008
1.064
1.088
1.036
1.064
1.060
1.020
1.064
1.035
0.983
1.011
1.019
0.991
1.071
1.103
1.119
1.119
1.135
1.115
1.067
1.091
1.063
1.015
1.043
1.031
0.983
1.019
1.087
1.095
1.183
1.167
1.091
1.122
1.078
1.070
1.106
1.054
1.034
1.054
1.042
1.026
1.082
1.110
1.074
1.082
1.090
1.054
1.070
1.070
1.038
1.042
1.050
1.050
1.018
1.050
1.034
0.970
0.949
0.985
1.065
1.073
1.101
1.181
1.145
1.165
1.173
1.077
1.097
1.081
1.037
1.089
1.125
1.077
1.113
1.101
0.981
1.001
1.061
1.081
1.105
1.129
1.072
1.112
1.116
1.076
1.096
1.088
1.040
1.064
1.076
1.040
1.080
1.072
1.028
1.052
1.060
1.024
1.068
1.068
1.044
1.072
1.068
1.016
1.044
1.064
1.020
1.059
1.079
1.039
1.059
1.071
1.031
1.039
1.051
1.039
0.991
1.035
1.059
1.055
1.043
1.071
1.067
0.963
0.967
0.895
0.867
0.835
0.859
0.891
1.019
1.018
0.902
0.914
0.938
0.898
0.970
1.038
1.022
0.994
1.066
1.094
1.054
1.066
1.038
1.014
1.078
1.118
1.070
1.110
1.094
1.070
1.122
1.082
1.074
1.110
1.073
1.013
1.033
1.025
1.013
1.097
1.113
1.137
1.157
1.089
1.129
1.137
1.017
0.937
0.893
0.949
1.345
1.173
1.117
1.125
1.065
1.061
1.077
1.065
1.141
1.208
1.196
1.156
1.164
1.132
1.104
1.100
1.064
1.052
1.060
1.060
1.068
1.064
1.076
1.104
1.096
1.084
1.084
1.060
1.024
1.024
0.968
0.916
0.928
1.015
1.087
0.999
0.971
1.019
1.027
0.991
1.035
1.051
0.995
1.047
1.055
1.011
1.035
1.071
1.019
0.991
1.023
1.027
0.995
1.063
1.107
1.059
1.103
1.111
1.062
1.086
1.086
1.026
1.050
1.054
1.014
1.078
1.098
1.054
1.098
1.102
1.070
1.134
1.134
1.086
1.102
1.078
1.046
1.058
1.054
1.030
1.086
1.094
1.077
1.117
1.061
1.041
1.037
1.001
0.993
1.077
1.069
1.065
1.133
1.125
1.097
1.161
1.137
1.097
1.109
1.085
1.049
1.077
1.057
1.037
1.069
1.081
1.025
1.072
1.080
1.020
1.052
1.044
1.016
1.064
1.084
1.040
1.072
1.068
1.012
1.036
1.032
1.000
0.964
1.008
1.036
1.016
1.052
1.108
1.092
1.120
1.132
1.087
1.119
1.063
0.935
0.863
0.851
0.851
0.871
0.911
1.211
1.103
1.003
1.023
1.059
1.015
1.055
1.115
1.095
1.119
1.155
1.167
1.135
1.139
1.083
1.015
1.010
1.050
1.030
1.094
1.066
0.978
0.990
1.034
1.078
1.126
1.186
1.130
1.126
1.170
1.142
1.058
1.074
1.078
1.030
1.082
1.102
1.050
1.082
1.078
0.989
0.969
0.925
1.077
1.013
1.029
1.113
1.089
1.037
0.969
1.009
1.001
0.925
0.845
0.801
0.841
1.069
0.977
0.917
1.021
1.069
1.077
1.109
1.113
1.097
1.144
1.148
1.148
1.152
1.140
1.124
1.124
1.096
1.040
1.088
1.132
1.156
1.176
1.124
1.032
1.040
1.072
1.092
1.128
1.148
1.104
1.108
1.100
1.048
1.084
1.131
1.135
1.159
1.127
1.059
1.075
1.059
1.003
1.063
1.079
1.047
1.131
1.183
1.095
1.139
1.095
1.027
1.067
1.071
1.023
1.091
1.091
1.051
1.111
1.102
1.062
1.086
1.050
1.066
1.098
1.070
1.018
1.070
1.070
1.006
1.034
1.058
1.042
1.034
1.070
1.078
1.026
1.042
1.046
1.014
1.034
1.046
1.034
1.094
1.113
1.081
1.117
1.093
1.033
1.057
1.037
1.009
1.041
1.037
0.997
1.049
1.065
1.013
1.053
1.073
1.009
1.029
1.025
0.977
1.005
1.041
1.021
1.093
1.096
1.008
1.016
1.048
1.052
1.032
1.080
1.080
1.048
1.096
1.108
1.076
1.108
1.092
1.024
1.052
1.068
1.028
1.080
1.156
1.084
1.128
1.116
1.060
1.060
0.995
0.951
0.959
1.035
1.063
1.235
1.215
1.191
1.187
1.143
1.131
1.123
1.059
0.983
0.991
1.007
1.015
1.095
1.155
1.099
1.151
1.123
1.107
1.119
1.066
1.102
1.066
1.038
1.086
1.050
1.038
1.066
1.018
1.010
1.026
0.986
0.974
1.018
0.994
1.018
1.070
1.042
1.014
1.058
1.058
1.026
1.042
1.034
1.026
1.117
1.137
1.093
1.113
1.085
1.017
1.029
1.045
1.009
1.041
1.081
1.061
1.097
1.089
1.033
1.069
1.089
1.029
1.073
1.045
1.005
1.041
1.069
1.005
1.048
1.092
1.028
1.060
1.064
1.000
0.940
0.872
0.808
0.856
1.296
1.148
1.052
1.032
1.048
0.996
1.016
1.044
1.052
1.044
1.084
1.092
1.084
1.112
1.124
1.127
1.103
1.123
1.111
1.083
1.119
1.111
1.083
1.083
1.071
1.027
1.051
1.059
1.031
1.055
1.047
1.007
1.031
1.055
1.091
1.043
1.079
1.071
0.995
0.994
0.962
0.922
0.950
1.030
0.986
1.038
1.110
1.018
1.054
1.102
0.950
0.938
0.954
0.894
0.814
0.782
0.778
0.754
0.734
0.742
0.730
0.726
0.726
0.746
0.737
0.761
0.809
0.845
0.885
0.873
0.921
0.965
0.945
0.921
1.017
1.085
1.045
0.969
0.993
1.073
1.053
0.933
0.889
0.909
0.957
1.069
1.061
1.009
0.913
0.896
0.944
1.056
1.032
1.120
1.168
1.092
1.096
1.084
1.040
1.084
1.104
0.988
1.032
1.088
1.088
1.124
1.060
1.080
0.988
0.988
0.944
0.868
0.900
0.931
0.903
1.135
1.115
1.015
1.023
1.027
0.935
0.903
0.855
0.923
1.011
1.067
1.055
1.059
1.011
1.035
1.031
0.987
1.011
1.019
1.011
1.071
1.139
1.111
1.066
1.110
1.102
1.042
1.074
1.074
1.030
1.030
1.034
0.970
0.994
1.018
0.974
1.010
1.010
0.982
1.050
1.042
0.986
1.022
0.990
1.018
1.006
1.018
1.073
1.085
1.085
1.057
1.049
1.033
0.985
1.009
1.021
1.005
0.993
1.073
1.093
1.013
1.041
1.117
1.045
1.069
1.033
1.013
1.053
1.057
1.009
1.045
1.049
1.000
1.052
1.084
1.032
1.084
1.092
1.068
1.116
1.096
1.016
0.992
0.916
0.844
1.100
1.256
1.264
1.280
1.180
1.208
1.168
1.124
1.164
1.180
1.152
1.147
1.143
1.099
1.119
1.127
1.095
1.147
1.159
1.123
1.151
1.171
1.143
1.151
1.115
1.063
1.043
1.027
1.071
1.131
1.119
1.147
1.111
1.063
1.087
1.103
1.074
1.130
1.098
1.086
1.126
1.118
1.102
1.130
1.110
1.070
1.062
1.054
1.018
1.110
1.210
1.186
1.202
1.170
1.050
0.946
0.850
0.858
0.858
1.006
0.997
0.909
0.985
0.993
1.053
1.101
1.049
1.037
1.065
1.073
1.069
1.097
1.093
1.069
1.101
1.121
1.125
1.085
1.109
1.137
1.121
1.125
1.057
1.045
1.097
1.140
1.112
1.120
1.152
1.152
1.120
1.144
1.136
1.092
1.132
1.136
1.104
1.136
1.144
1.104
1.116
1.108
1.060
1.092
1.108
1.060
1.096
1.120
1.080
1.128
1.131
1.067
1.059
1.055
1.035
0.999
1.099
1.191
1.119
1.159
1.167
1.103
1.123
1.115
1.091
1.131
1.107
1.075
1.139
1.079
0.935
0.899
0.855
0.847
0.890
0.802
1.006
0.990
0.870
0.842
0.834
0.826
0.870
1.070
1.018
1.006
0.978
0.954
0.918
0.890
0.926
1.114
1.274
1.226
1.190
1.138
1.142
1.150
1.122
1.117
1.113
1.105
1.117
1.129
1.145
1.133
1.129
1.125
1.117
1.109
1.125
1.113
1.109
1.085
1.093
1.085
1.029
1.045
1.073
1.021
1.069
1.073
0.977
0.924
0.956
1.036
1.008
1.104
1.072
1.064
1.120
1.084
1.076
1.068
1.000
1.024
1.044
1.032
1.044
1.092
1.088
1.064
1.092
1.056
1.020
1.044
1.028
0.968
1.031
1.067
1.031
1.083
0.979
0.975
0.991
0.971
0.895
0.911
0.979
1.043
1.031
1.135
1.139
1.079
1.099
1.143
1.075
1.083
1.119
1.119
1.127
1.159
1.138
1.134
1.130
1.090
1.126
1.150
1.134
1.154
1.142
1.110
1.130
1.094
1.066
1.106
1.074
1.054
1.106
1.110
1.118
1.110
1.050
1.022
1.058
1.062
1.046
1.093
1.077
1.029
1.065
1.053
1.017
1.057
1.057
1.029
1.065
1.045
1.017
1.065
1.093
1.049
1.077
1.041
0.993
1.065
1.077
1.041
1.109
1.125
1.089
1.112
1.124
1.068
1.076
1.088
1.096
1.136
1.120
1.076
1.120
1.116
1.052
1.084
1.100
1.036
1.076
1.088
1.056
0.964
0.932
0.984
1.116
1.144
1.072
1.128
1.131
1.059
1.071
1.059
1.007
1.039
1.079
1.051
1.091
1.107
1.055
1.107
1.103
1.039
1.075
1.087
1.059
1.123
1.115
1.047
1.071
1.051
0.995
1.087
1.138
1.106
1.170
1.142
1.086
1.102
1.070
1.070
1.094
1.090
1.034
1.070
1.090
1.050
1.070
1.066
1.014
1.046
1.098
1.042
1.102
1.094
1.022
1.070
1.082
1.013
1.061
1.105
1.061
1.073
1.073
1.025
1.073
1.089
1.045
1.117
1.137
1.121
1.153
1.145
1.101
1.121
1.085
1.057
1.125
1.141
1.081
1.133
1.109
1.037
1.060
1.088
1.040
1.128
1.172
1.112
1.140
1.112
1.072
1.108
1.084
1.060
1.112
1.084
1.056
1.080
1.060
1.040
1.096
1.064
1.068
1.100
1.056
1.084
1.131
1.067
1.095
1.139
1.131
1.139
1.143
1.075
1.115
1.115
1.063
1.103
1.143
1.143
1.227
1.215
1.163
1.147
1.115
1.071
1.115
1.135
1.119
1.179
1.171
1.126
1.118
1.122
1.110
1.154
1.122
1.078
1.110
1.122
1.090
1.138
1.062
0.958
0.998
1.090
1.074
1.134
1.130
1.090
1.118
1.094
1.062
1.098
1.074
1.045
1.105
1.045
1.041
1.113
1.109
1.101
1.145
1.129
1.065
0.969
1.013
1.157
1.181
1.101
1.137
1.129
1.081
1.121
1.113
1.081
1.065
1.029
1.033
1.089
1.104
1.124
1.156
1.180
1.144
1.128
1.092
1.088
1.108
1.084
1.140
1.176
1.100
1.088
1.080
1.032
1.108
1.136
1.084
1.140
1.124
1.044
1.076
1.068
1.023
1.051
1.075
1.035
1.091
1.123
1.047
1.075
1.135
1.107
1.119
1.107
1.035
1.071
1.083
1.019
1.059
1.103
1.063
1.127
1.143
1.087
1.127
1.079
1.063
1.098
1.070
1.022
1.066
0.998
0.910
0.858
0.882
1.274
1.274
1.198
1.138
1.174
1.162
1.122
1.134
1.118
1.090
1.066
1.066
1.058
1.098
1.142
1.142
1.141
1.141
1.121
1.129
1.105
1.105
1.121
1.105
1.073
1.081
1.081
1.077
1.093
1.101
1.065
1.105
1.113
1.073
1.081
1.101
1.049
1.037
1.045
1.025
0.989
1.060
1.132
1.088
1.120
1.092
1.036
1.084
1.088
1.000
1.048
1.092
1.052
1.116
1.120
1.064
1.108
1.128
1.072
1.120
1.060
0.940
0.916
0.916
0.852
0.855
0.843
1.219
1.115
1.095
1.111
1.079
1.055
1.067
1.063
1.011
1.027
1.055
1.027
1.067
1.099
1.107
1.115
1.063
0.991
0.935
0.903
0.915
1.147
1.151
1.090
1.058
1.066
1.034
1.014
1.038
1.058
1.042
1.050
0.946
0.946
0.906
0.870
0.858
0.918
1.058
1.042
0.998
0.986
0.982
0.962
0.978
1.030
1.066
1.030
1.097
1.117
1.113
1.045
1.053
1.049
0.997
1.085
1.125
1.045
1.093
1.133
1.089
1.109
1.145
1.065
1.093
1.125
1.073
1.129
1.113
1.049
1.093
0.977
0.928
1.000
1.100
1.036
1.084
1.076
0.952
0.920
0.968
1.084
1.072
1.120
1.168
1.132
1.124
1.084
0.960
0.884
0.840
0.844
1.196
1.040
1.088
1.132
1.124
1.075
1.059
1.015
0.939
0.971
1.007
1.103
1.067
1.147
1.135
0.963
0.931
0.963
0.967
0.903
0.847
0.807
0.855
1.099
1.023
0.935
0.963
1.003
1.047
1.042
0.950
0.978
0.954
1.014
1.074
1.058
1.042
0.998
0.950
0.878
0.842
0.830
0.898
1.026
1.010
1.030
0.998
1.006
1.110
1.194
1.214
1.186
1.174
1.150
1.113
1.137
1.165
1.177
1.105
1.081
1.113
1.185
1.041
1.033
1.081
1.173
1.093
0.961
0.905
0.897
0.977
0.913
0.889
0.909
1.069
1.089
1.113
1.077
1.088
1.044
1.012
0.968
0.996
1.008
1.040
0.988
1.040
1.088
1.088
1.068
1.068
1.040
0.996
0.960
0.988
1.004
0.992
0.988
1.036
1.064
1.024
1.076
1.052
0.987
0.979
0.871
0.815
0.795
0.791
0.899
0.911
1.007
1.095
1.063
1.027
1.043
1.023
0.971
0.987
1.047
1.099
1.079
1.155
1.155
1.087
1.139
1.151
1.090
1.122
1.142
1.090
1.122
1.114
1.066
1.142
1.162
1.110
1.170
1.142
1.058
1.046
1.014
0.978
1.026
1.050
1.018
1.086
1.122
1.050
0.990
1.066
1.118
1.089
1.113
1.109
0.993
0.981
1.037
1.069
1.025
1.089
1.129
1.117
1.073
1.125
1.125
1.053
1.009
0.969
0.885
0.833
0.857
0.909
0.945
0.933
0.973
1.021
0.992
0.940
0.940
0.976
1.004
0.972
1.072
1.120
1.064
1.088
1.112
1.088
1.116
1.132
1.088
1.044
0.972
0.868
0.860
0.956
1.060
1.040
1.096
1.060
1.003
1.047
1.055
1.003
1.039
1.111
1.099
1.083
1.151
1.143
1.075
1.087
1.075
1.027
1.067
1.079
1.031
1.091
1.103
1.031
1.059
1.099
1.019
1.059
1.063
0.978
1.022
1.042
1.006
1.086
1.090
1.062
1.130
1.094
1.082
1.130
1.062
1.050
1.062
1.014
1.074
1.146
1.078
1.142
1.150
1.082
1.110
1.062
0.982
0.997
1.069
1.097
1.213
1.185
1.149
1.189
1.149
1.129
1.141
1.105
1.065
1.069
1.029
1.025
1.085
1.081
1.077
1.137
1.129
1.069
1.101
1.105
1.037
1.069
1.088
1.056
1.052
1.072
1.064
1.028
1.068
1.080
1.028
1.048
1.072
1.068
1.056
1.084
1.096
1.032
1.064
0.948
0.860
0.824
0.812
0.800
0.796
0.876
0.939
1.071
1.055
0.999
1.019
1.035
0.983
1.003
1.023
1.007
1.043
1.127
1.155
1.147
1.215
1.151
1.119
1.135
1.107
1.083
1.123
1.111
1.091
1.111
1.123
1.074
1.094
1.098
1.070
1.134
1.126
1.094
1.126
1.114
1.070
1.094
1.074
1.006
1.050
1.134
1.094
1.166
1.166
1.106
1.154
1.138
1.106
1.150
1.090
1.017
1.053
0.965
0.857
0.817
0.873
1.225
1.045
1.117
1.129
1.065
1.061
1.057
1.001
0.961
1.017
1.069
1.037
1.105
1.121
1.045
1.073
1.061
1.021
1.065
1.088
1.060
1.084
1.072
1.048
1.056
1.040
0.996
1.024
1.032
0.976
1.020
1.060
1.012
1.020
1.016
0.948
0.964
0.972
0.944
0.988
0.992
0.948
1.024
1.055
0.991
1.015
1.011
0.983
1.027
0.995
0.951
1.011
1.043
1.003
1.051
1.039
0.999
0.915
0.919
1.011
1.139
1.031
0.983
0.911
0.871
0.895
1.071
1.015
1.010
1.062
1.070
1.022
1.042
1.070
1.010
1.010
1.054
1.098
1.094
1.086
1.110
1.102
1.102
1.082
1.062
0.906
0.842
0.834
0.846
1.106
0.898
0.826
0.770
0.757
0.757
0.761
0.817
0.921
1.045
1.013
1.017
1.029
0.961
0.893
0.881
0.949
1.173
0.981
0.973
1.237
1.185
1.173
1.185
1.157
1.133
1.085
1.077
1.060
0.924
0.884
0.840
0.916
1.152
1.076
1.188
1.192
1.144
1.100
1.096
1.104
1.048
1.072
1.100
1.100
1.044
1.104
1.080
0.992
1.032
1.052
1.076
1.032
1.103
1.083
1.027
1.079
1.083
1.015
1.047
1.075
1.071
0.995
1.023
1.055
0.971
0.931
0.931
0.939
0.967
0.943
1.011
1.147
1.119
1.143
1.175
1.099
1.074
1.066
1.018
0.958
0.990
1.078
0.962
1.010
1.150
1.126
1.090
1.086
1.002
0.986
1.002
1.078
1.066
1.146
1.146
1.058
1.082
1.082
0.966
1.026
1.054
1.013
1.081
1.065
0.921
0.905
0.833
0.797
0.773
0.837
1.101
0.977
0.965
1.017
0.977
0.885
0.845
0.853
0.901
0.961
1.085
1.061
1.041
1.037
0.929
0.904
0.952
1.048
1.096
1.040
1.088
1.108
1.040
1.020
1.052
1.072
1.012
1.064
1.076
1.036
1.048
1.060
1.072
1.024
1.044
1.044
1.036
0.992
1.016
0.992
0.955
0.999
1.055
1.087
1.039
1.063
1.067
1.043
0.983
0.999
1.019
1.019
1.059
1.091
1.083
1.035
1.087
1.075
1.015
1.031
0.999
0.963
0.987
0.967
0.974
1.090
1.042
0.946
0.886
0.878
0.886
0.946
0.886
0.838
0.826
0.830
0.810
0.866
0.914
0.938
0.802
0.798
0.794
0.794
0.842
0.866
1.006
1.122
1.070
1.069
1.061
1.009
1.037
1.045
1.061
1.137
1.137
1.129
1.121
1.113
1.077
1.013
1.005
0.965
0.881
0.865
0.881
1.129
1.013
1.093
1.149
1.097
1.033
0.985
0.964
0.884
0.888
0.996
1.048
1.028
1.096
1.124
1.036
1.056
1.056
0.996
0.920
0.952
1.008
1.052
1.020
1.088
1.088
1.016
1.048
1.056
1.004
1.040
1.059
0.999
1.015
1.035
1.003
0.967
0.979
0.927
0.875
0.887
0.907
0.843
0.823
0.811
0.815
0.923
1.039
0.951
1.035
1.091
1.059
1.027
1.043
1.027
1.011
1.066
1.086
1.066
1.138
1.170
1.142
1.142
0.950
0.886
0.850
0.834
0.854
0.858
0.934
1.014
0.958
0.942
0.978
1.022
1.018
1.066
1.082
1.054
1.074
1.097
1.069
1.109
1.081
1.029
0.993
1.013
1.109
1.073
0.961
1.001
1.045
1.045
0.977
0.993
1.025
1.037
0.933
0.897
0.865
0.965
1.057
1.005
1.073
1.097
1.048
1.084
1.068
1.012
1.064
1.084
1.044
1.056
1.064
1.016
1.056
1.096
1.088
1.088
1.116
1.080
1.052
1.056
1.000
0.956
1.048
1.132
1.112
1.236
1.183
1.115
1.115
1.071
1.031
1.055
1.079
1.035
1.099
1.103
1.055
1.103
1.091
1.011
1.039
1.075
1.055
1.135
1.115
1.027
1.047
1.067
1.023
1.107
1.135
1.106
1.150
1.114
1.042
1.046
1.018
0.974
1.066
1.110
1.070
1.126
1.126
1.066
1.078
1.046
0.986
1.050
1.066
1.042
1.134
1.150
1.106
1.126
1.078
1.041
1.097
1.093
1.073
1.093
1.053
1.009
1.045
1.033
0.989
1.037
1.041
0.989
1.021
1.017
0.965
1.021
1.053
0.985
1.045
1.053
0.993
1.037
1.029
1.001
1.040
1.044
0.976
1.028
1.036
1.028
1.092
1.084
1.052
1.096
1.052
1.024
1.068
1.024
1.024
1.072
1.072
1.064
1.096
1.064
1.068
1.100
1.072
1.128
1.107
1.079
1.103
1.055
0.895
0.807
0.743
0.711
0.703
0.699
0.719
0.763
0.883
0.815
0.771
0.759
0.787
0.783
0.819
0.819
0.823
0.791
0.811
0.815
0.843
0.946
0.982
1.046
1.066
1.066
1.090
1.098
1.078
1.102
1.078
1.046
1.066
1.082
1.070
1.130
1.146
1.066
1.110
1.098
1.002
1.050
1.066
0.982
1.094
1.126
1.025
1.101
1.101
1.065
1.141
1.133
1.097
1.141
1.077
1.041
1.077
1.049
1.049
1.121
1.117
1.133
1.137
1.053
1.061
1.065
0.993
1.045
1.069
1.025
1.080
1.108
0.992
0.924
0.936
0.932
0.936
0.936
1.116
1.156
1.080
1.100
1.096
1.032
1.036
1.044
1.008
1.064
1.084
1.032
1.056
1.072
1.052
1.048
1.092
1.119
1.083
1.099
1.087
1.079
1.123
1.123
1.067
1.075
1.075
1.043
1.103
1.119
1.083
1.131
1.103
1.051
1.103
1.087
1.047
1.111
1.087
1.075
1.115
1.070
1.054
1.102
1.042
0.930
0.962
1.078
1.050
1.066
1.098
1.090
0.910
0.866
0.790
0.790
0.818
0.846
0.898
0.878
0.874
0.942
0.894
0.954
0.990
1.022
1.013
1.069
1.069
1.021
1.069
1.081
1.073
1.097
1.137
1.105
1.077
1.093
0.889
0.813
0.837
1.021
1.025
1.085
1.173
1.129
1.117
1.113
1.049
1.077
1.072
1.020
1.096
1.124
1.056
1.116
1.152
1.112
1.152
1.124
1.080
1.128
1.100
0.976
0.924
0.940
0.968
1.024
1.092
1.160
1.156
1.200
1.140
1.104
1.096
1.047
1.003
1.067
1.091
1.063
1.147
1.151
1.099
1.107
1.095
1.059
1.107
1.135
1.095
1.091
1.067
1.007
1.023
1.015
0.955
0.951
1.055
1.127
1.083
1.214
1.182
1.098
1.118
1.066
1.022
1.042
1.006
0.946
0.990
1.070
1.046
0.994
1.050
1.034
0.986
1.050
1.118
1.070
1.114
1.126
1.058
1.106
1.102
1.054
1.049
1.053
0.989
0.989
1.033
1.049
1.057
1.161
1.145
1.073
1.105
1.093
1.029
1.081
1.109
1.093
1.101
1.081
1.157
1.205
1.157
1.153
1.121
1.053
1.084
1.108
1.036
1.056
1.060
0.972
1.004
1.072
1.048
1.036
1.072
1.012
1.024
1.084
1.072
1.052
1.072
1.036
1.020
1.052
1.076
1.048
1.104
1.068
1.004
1.055
1.063
1.007
1.051
1.059
1.007
1.039
1.051
1.031
1.035
1.075
1.051
1.015
1.011
0.911
0.839
0.771
0.751
0.815
0.827
0.827
0.979
1.019
1.003
0.859
0.830
0.782
0.750
0.742
0.770
0.766
0.834
0.962
1.002
0.946
0.946
0.938
0.918
0.910
1.050
1.086
1.034
0.994
0.978
0.974
0.974
0.970
0.970
0.974
0.941
0.933
0.973
1.013
1.045
1.057
1.057
1.033
1.029
1.025
1.049
1.013
0.949
0.973
1.021
1.109
1.173
1.173
1.145
1.065
1.045
1.045
1.069
1.057
1.085
1.104
1.124
1.092
1.040
1.020
0.996
0.956
0.924
0.980
1.132
1.152
1.040
1.080
1.128
1.052
1.124
1.092
0.996
0.992
0.944
0.872
0.820
0.808
0.876
1.071
0.951
1.027
1.091
1.075
1.095
1.119
0.999
0.899
0.823
0.823
0.827
0.787
0.759
0.731
0.747
0.755
0.743
0.759
0.767
0.803
0.859
0.947
0.955
0.951
0.942
0.942
0.930
0.926
0.950
0.962
0.982
0.954
1.010
1.030
0.998
0.958
0.942
0.986
1.002
1.086
1.098
1.058
1.098
1.074
1.038
1.062
1.038
0.954
0.981
1.057
0.997
1.073
1.117
1.061
1.137
1.077
1.017
1.041
1.037
0.977
1.001
0.941
0.901
0.989
1.045
1.013
1.089
1.117
1.041
1.049
1.041
0.981
1.017
1.044
0.972
0.980
0.932
0.936
0.928
0.892
0.848
0.860
0.968
1.008
0.952
0.956
0.916
0.928
0.900
0.948
1.028
1.112
1.120
1.140
1.140
1.120
1.120
1.075
1.019
1.031
1.035
1.007
1.027
1.095
1.079
1.079
1.095
1.063
1.015
1.051
1.107
1.075
1.123
1.127
1.091
1.135
1.059
0.927
0.983
1.135
1.111
1.107
0.970
0.910
0.882
0.850
1.014
0.990
1.002
1.006
0.946
0.934
0.918
0.906
0.910
1.010
1.102
1.066
1.138
1.082
1.042
1.058
1.054
0.962
1.014
1.086
1.098
1.177
1.165
1.117
1.129
1.105
1.053
1.065
1.033
1.037
1.089
1.057
1.057
1.073
1.033
0.989
1.037
1.057
1.049
1.121
1.085
0.961
0.909
0.901
0.921
0.984
1.096
1.112
1.060
1.108
1.056
0.996
1.004
1.020
1.000
1.088
1.096
1.092
1.168
1.144
1.100
1.152
1.108
1.104
1.116
1.060
1.012
1.056
1.044
0.976
0.955
0.959
0.943
1.067
1.071
1.003
1.035
0.979
0.927
0.951
0.983
1.011
1.151
1.175
1.135
1.143
1.103
1.047
1.071
0.991
0.895
0.843
0.791
0.951
1.102
1.062
1.126
1.122
1.050
1.070
1.070
1.026
1.038
1.038
0.994
1.078
1.058
1.002
1.046
1.058
1.002
1.022
1.050
1.034
1.142
1.122
1.010
1.030
1.126
1.089
1.069
1.089
1.005
1.009
1.033
0.965
0.989
1.129
1.097
1.045
1.085
1.061
1.005
1.025
1.049
0.989
1.025
1.069
1.033
1.009
1.029
0.941
0.857
0.800
0.744
0.832
1.116
1.036
0.936
0.876
0.836
0.864
0.884
0.824
0.844
0.924
0.964
0.944
0.896
0.884
0.856
0.864
0.844
0.892
0.968
0.976
1.000
1.020
1.031
0.927
0.879
0.859
0.907
0.911
0.975
1.035
1.047
1.043
0.995
1.031
1.031
1.019
1.027
1.027
0.987
0.987
0.991
0.967
1.027
1.051
0.983
0.919
0.898
0.922
0.874
0.926
1.054
1.030
1.122
1.110
1.038
1.086
1.014
1.030
1.074
1.054
1.042
1.002
0.938
1.034
1.154
1.146
1.146
1.106
1.106
1.118
1.078
1.065
1.077
1.037
1.033
1.037
0.989
0.969
0.889
0.893
0.913
0.897
0.853
0.821
0.769
0.749
0.821
1.001
0.861
0.849
0.913
0.957
0.953
0.977
1.005
0.984
0.936
0.996
1.064
1.088
1.144
1.156
1.120
1.104
1.032
0.984
1.000
0.980
0.988
0.952
1.008
1.096
1.080
1.056
1.056
1.028
0.952
0.952
0.964
1.040
1.015
1.023
1.015
0.895
0.863
0.827
0.811
0.879
0.839
0.951
1.027
1.079
1.043
1.003
0.987
1.031
1.031
0.891
0.855
0.823
1.035
1.055
1.107
1.135
1.087
1.078
1.074
1.054
1.082
1.106
1.078
1.126
1.122
1.070
1.102
1.094
1.094
1.126
1.098
1.086
1.102
1.054
1.134
1.134
1.038
1.034
0.950
0.974
1.030
1.069
1.081
1.149
1.097
1.129
1.077
1.049
1.073
1.025
1.017
1.017
0.993
1.061
1.069
1.025
1.109
1.073
1.021
0.945
0.873
0.809
0.825
1.017
0.989
1.021
1.064
1.020
1.024
1.036
0.980
0.988
1.008
0.948
0.972
1.000
1.028
1.084
1.156
1.136
1.120
1.152
1.100
1.092
1.096
1.048
1.084
1.096
1.104
1.128
1.103
0.999
0.983
0.963
0.943
1.031
1.051
1.043
1.107
1.059
1.083
1.103
1.127
1.151
1.067
0.983
0.991
1.015
0.975
1.091
1.115
1.079
1.099
1.047
1.047
1.062
1.050
1.078
1.102
1.070
1.022
0.974
0.878
0.898
0.942
0.970
0.946
1.010
1.046
0.998
1.058
1.062
0.994
1.018
1.022
0.982
1.022
1.038
1.014
1.017
1.033
1.005
1.013
1.025
0.973
1.021
0.997
0.917
0.929
0.937
0.909
1.001
1.069
0.989
1.069
1.061
1.037
0.957
1.045
0.945
0.845
0.865
0.853
0.889
0.932
0.900
0.900
0.844
0.820
0.768
0.744
0.740
0.868
0.940
0.972
0.988
0.872
0.848
0.828
0.824
0.900
0.944
0.912
0.984
1.032
1.032
0.916
0.832
0.779
0.763
0.791
0.959
0.959
0.883
0.971
1.035
1.071
1.087
1.099
1.083
1.067
1.043
1.083
1.079
1.095
1.119
1.155
1.147
1.127
1.107
1.015
0.871
0.791
0.782
0.762
0.766
0.770
0.998
1.022
0.986
0.858
0.766
0.730
0.714
0.710
0.730
0.914
1.286
1.062
1.206
1.238
1.210
1.146
1.090
1.066
1.070
1.086
1.114
1.157
1.149
1.113
1.117
1.157
1.157
1.073
1.113
1.145
1.189
1.157
1.121
1.141
1.149
1.129
1.101
1.081
1.089
1.085
1.117
1.133
1.165
1.121
1.113
1.052
0.940
0.956
1.036
1.104
0.996
1.108
1.112
1.012
1.032
1.048
1.060
1.048
1.100
1.060
1.060
1.056
0.968
0.972
0.956
0.948
1.020
1.100
1.056
1.104
1.107
1.047
1.067
1.051
0.975
0.987
0.995
0.959
1.003
1.043
0.991
1.035
1.067
1.023
1.039
0.999
0.891
0.839
0.815
0.951
0.891
0.975
1.007
1.007
1.046
1.042
1.022
1.074
1.062
1.022
1.070
1.046
1.010
1.078
1.050
1.026
1.066
0.986
0.982
0.958
0.938
0.866
0.910
0.946
0.918
0.898
0.858
0.886
0.958
1.069
1.049
1.061
1.061
1.005
1.017
1.005
0.945
1.021
1.077
1.021
1.021
0.969
1.017
1.073
0.985
1.057
1.089
1.053
1.125
1.117
1.069
1.073
1.025
1.000
1.068
1.116
1.064
1.116
1.108
1.064
1.128
1.124
1.064
1.096
1.036
0.976
0.916
0.860
0.828
1.028
1.236
1.104
1.136
1.064
1.044
1.092
1.092
1.052
1.079
1.087
1.059
1.135
1.127
1.071
1.091
1.107
1.083
1.123
1.127
1.059
1.123
1.155
1.095
1.119
1.127
1.067
1.087
1.107
1.071
1.123
1.103
1.095
1.042
1.050
1.050
1.074
1.042
1.050
1.106
1.022
1.074
1.126
1.058
1.106
1.086
1.038
1.070
1.050
1.030
1.054
1.022
1.038
1.110
1.042
1.042
1.074
1.058
1.101
1.077
1.021
1.081
1.073
0.985
1.045
0.993
1.005
1.045
1.001
1.069
1.045
0.989
1.021
1.013
1.005
1.037
1.037
1.077
1.101
1.037
1.065
1.041
1.008
1.064
1.080
1.020
1.084
1.068
1.020
1.052
1.020
1.028
1.020
0.944
0.976
1.024
1.024
1.152
1.152
1.104
1.164
1.104
1.096
1.128
1.088
1.072
1.128
1.103
1.099
1.151
1.135
1.083
1.063
0.999
0.915
0.947
0.987
0.963
1.071
1.071
1.035
1.091
1.035
1.043
1.055
1.007
1.051
1.011
0.975
1.051
1.051
0.979
1.022
1.018
1.002
1.026
0.970
0.946
0.986
0.958
0.966
1.010
0.950
0.986
1.006
0.986
1.138
1.110
1.074
1.070
1.002
1.018
1.014
1.030
1.050
0.962
0.949
0.989
0.969
1.101
1.125
1.065
1.105
1.001
1.025
1.089
1.045
1.029
1.029
0.981
1.025
1.045
1.033
1.073
1.089
1.109
1.117
1.101
1.129
1.117
1.033
1.072
1.068
1.088
1.104
1.092
1.112
1.112
1.068
1.128
1.100
1.032
0.932
0.840
0.772
0.728
0.716
0.676
0.684
0.692
0.720
0.784
0.760
0.800
0.836
0.815
0.803
0.807
0.843
0.815
0.727
0.707
0.787
1.243
1.119
1.083
1.103
1.091
1.067
1.051
1.099
1.083
1.035
1.039
1.075
1.099
1.147
1.123
1.099
1.075
1.066
1.066
1.070
1.090
1.138
1.114
1.138
1.110
1.086
1.006
0.998
1.026
1.086
1.154
1.198
1.098
1.094
0.910
0.842
0.854
0.866
0.794
0.818
0.886
1.109
0.977
1.061
1.049
1.049
1.061
1.005
1.041
1.057
1.057
1.101
1.093
1.045
1.073
1.069
1.121
1.061
0.989
1.005
1.073
1.117
1.137
1.149
1.129
1.101
1.084
1.020
1.040
1.048
1.008
1.068
1.080
1.036
1.072
1.072
1.000
1.000
0.912
0.868
0.920
1.072
1.012
1.072
1.060
1.040
1.060
1.028
1.048
1.048
0.991
1.075
1.111
1.043
1.063
0.907
0.939
0.871
0.827
0.751
0.719
0.759
0.735
0.767
0.779
0.975
0.939
0.967
0.991
0.947
0.895
0.907
0.923
0.943
1.115
1.142
1.154
1.162
1.150
1.142
1.146
1.102
1.022
1.070
1.082
1.066
1.122
1.110
1.098
1.126
1.086
1.094
1.086
0.974
1.022
1.030
1.002
1.066
1.030
1.081
1.089
1.021
1.041
1.061
1.025
1.065
1.009
1.009
1.057
0.993
1.073
1.089
1.045
1.077
1.037
1.025
1.069
1.045
1.085
1.089
1.049
1.109
1.053
1.085
1.092
1.024
1.096
1.092
1.092
1.124
1.092
1.148
1.096
1.060
1.076
1.032
1.040
1.044
0.976
1.024
1.040
1.020
1.044
1.056
1.048
1.072
1.048
1.072
1.064
1.019
1.051
1.023
1.003
1.067
1.055
1.027
1.083
1.087
1.059
1.071
1.035
1.055
1.095
1.011
1.015
1.043
1.035
1.111
1.099
1.075
1.111
1.059
1.127
1.150
1.078
1.082
1.038
1.002
1.090
1.118
1.106
1.146
1.126
1.126
1.114
1.094
1.102
1.106
1.026
1.002
0.838
0.806
0.762
0.958
0.954
1.014
1.030
0.970
0.945
0.965
0.985
0.937
0.977
1.013
0.945
0.989
1.045
1.053
1.069
1.033
0.945
0.929
1.077
1.157
1.073
1.089
1.093
1.033
1.065
1.025
0.993
0.985
1.020
0.968
1.000
1.024
0.988
0.968
0.996
0.980
0.968
1.004
1.020
0.996
1.056
1.057
1.013
1.042
1.027
0.984
1.028
0.941
0.910
0.966
0.979
0.964
1.029
1.013
0.978
1.011
0.999
0.984
1.025
0.993
0.970
0.999
1.000
0.952
0.997
1.010
0.986
1.091
1.076
1.045
1.093
1.062
1.027
1.071
1.024
1.005
1.058
1.030
1.007
1.028
0.976
0.981
1.058
1.094
1.051
1.104
1.089
1.029
1.014
0.927
0.915
1.016
1.093
1.122
1.226
1.131
1.128
1.096
1.021
1.062
1.023
1.007
1.104
1.101
1.073
1.130
1.059
1.099
1.104
1.065
1.126
1.102
1.075
1.100
0.996
0.881
0.810
0.751
0.835
1.056
0.988
0.932
1.008
1.032
0.960
1.000
1.024
1.024
0.968
0.976
0.991
1.007
1.019
1.011
1.019
1.043
1.051
1.071
1.087
1.063
1.051
1.035
0.991
1.023
1.059
1.095
0.999
0.979
1.027
1.055
1.059
1.059
1.058
1.042
0.982
0.994
1.002
1.022
1.018
1.078
1.062
1.070
1.066
1.094
1.058
1.010
1.090
1.146
1.086
1.074
1.106
1.050
1.034
1.101
1.057
1.045
1.021
0.917
0.889
0.833
0.861
0.837
0.869
0.837
0.817
0.889
0.909
0.949
0.961
0.965
1.041
1.049
0.977
1.029
1.044
0.924
0.932
0.872
0.832
0.776
0.744
0.720
0.800
0.840
0.888
0.924
0.956
0.972
0.968
0.948
0.904
0.908
0.932
0.960
0.984
1.000
0.987
1.007
1.027
1.103
1.111
1.115
1.115
1.115
1.143
1.019
0.971
0.979
1.055
1.147
1.095
1.075
1.135
1.147
1.119
1.099
1.079
1.046
0.998
0.954
1.006
1.094
1.130
1.110
1.054
1.070
1.086
1.122
1.086
1.090
1.082
1.066
1.026
1.062
1.090
1.126
1.114
1.082
1.134
1.121
1.069
1.077
1.073
1.049
1.081
0.981
0.957
1.017
1.045
1.013
1.081
1.105
1.061
1.105
1.061
1.029
1.061
1.053
1.033
1.061
1.048
1.056
1.092
1.052
1.012
1.064
1.064
1.036
1.076
1.088
1.056
1.128
1.128
1.084
1.116
1.112
1.048
1.072
1.060
1.000
0.952
0.919
1.003
1.211
1.235
1.171
1.139
1.143
1.147
1.123
1.115
1.135
1.155
1.143
1.147
1.155
1.131
1.087
1.035
1.031
1.107
1.171
1.151
1.082
1.110
1.114
0.978
0.954
0.958
0.942
0.922
0.842
0.810
0.762
0.726
0.738
0.806
0.922
0.946
0.986
1.002
0.950
0.966
1.002
0.985
0.941
0.909
0.965
1.009
1.081
0.953
0.953
1.061
1.057
1.017
1.061
1.125
1.125
1.081
1.093
1.085
1.061
1.133
1.249
1.241
1.193
1.180
1.212
1.200
1.192
1.168
1.156
1.104
1.108
1.152
1.176
1.132
1.140
1.192
1.176
1.084
1.100
1.140
1.084
1.024
1.008
1.056
1.043
1.051
1.107
1.087
1.027
1.043
1.087
0.931
0.887
0.823
0.875
0.815
0.763
0.707
0.763
0.719
0.727
0.743
0.795
0.859
0.903
0.914
0.906
0.902
0.902
0.902
0.894
0.874
0.870
0.890
0.930
0.934
1.010
1.066
1.090
1.110
1.078
0.998
0.918
0.886
0.990
1.134
1.142
1.141
1.129
1.061
1.089
1.085
1.053
1.109
1.117
1.085
1.121
1.097
1.045
1.073
1.033
0.981
1.049
1.157
1.093
1.169
1.145
1.137
1.184
1.108
1.116
1.112
1.060
1.092
1.048
1.068
1.096
1.040
1.076
1.104
1.056
1.136
1.096
1.044
1.096
0.976
0.948
0.972
0.924
0.895
0.971
1.059
1.051
1.071
1.107
1.075
0.999
1.075
1.087
1.095
1.135
1.103
1.071
1.051
1.087
1.091
1.175
1.175
1.099
1.123
1.107
1.046
1.070
1.138
1.114
1.134
1.126
1.094
1.102
1.106
1.082
1.038
0.926
0.934
0.974
1.002
0.882
0.802
0.778
0.742
0.866
1.130
1.021
1.081
1.097
1.081
1.065
0.961
0.861
0.793
0.773
0.745
0.745
0.725
0.729
0.805
0.909
1.029
1.001
0.973
0.977
0.953
0.913
0.909
0.972
1.108
1.088
1.172
1.176
1.044
0.952
0.924
0.956
0.920
0.984
1.036
1.044
1.024
1.024
1.012
0.976
0.920
0.888
0.948
1.072
1.123
1.083
1.007
0.963
0.863
0.831
0.867
0.859
1.095
0.999
0.939
1.051
1.131
1.067
1.063
1.071
1.003
0.919
0.939
0.935
0.971
0.870
0.818
0.786
0.762
0.782
0.854
0.814
0.770
0.794
0.862
0.866
0.962
1.026
1.094
1.102
1.070
1.002
1.050
0.998
0.958
1.066
1.150
1.129
1.033
1.049
1.081
1.117
1.057
1.069
1.025
0.949
0.933
0.965
0.981
1.089
1.109
0.937
0.897
0.945
1.065
1.141
1.133
1.117
1.072
1.012
1.036
1.052
1.148
1.156
1.248
1.252
1.248
1.200
1.156
1.132
1.072
1.024
1.040
0.964
0.960
1.056
1.188
1.140
1.172
1.124
1.077
1.093
1.081
1.025
1.033
1.081
1.057
1.117
1.138
1.086
1.138
1.090
1.034
1.010
1.018
0.954
1.011
1.103
1.063
1.063
0.979
0.891
0.919
0.967
1.144
1.248
1.128
1.152
1.112
1.032
1.052
1.056
1.025
1.053
1.021
0.889
0.833
0.789
0.733
0.717
0.961
0.962
1.014
0.994
0.938
0.962
0.954
0.890
0.934
0.995
1.015
1.119
1.095
1.055
1.147
1.103
1.107
1.136
1.080
1.024
1.064
1.100
1.044
1.116
1.104
1.077
1.117
1.057
1.065
1.061
1.017
1.089
1.081
1.026
1.058
1.058
1.018
1.066
1.070
1.022
1.054
1.067
1.071
1.127
1.119
1.051
1.111
1.087
1.095
1.115
1.048
1.024
1.124
1.120
1.108
1.120
1.068
1.016
1.041
1.037
1.025
1.073
1.065
1.053
1.085
1.041
1.006
1.038
1.030
1.034
1.098
1.034
1.018
1.002
0.939
0.911
1.083
1.083
1.051
1.107
1.035
1.043
1.028
0.960
1.040
1.096
1.044
1.100
1.060
1.036
1.124
1.089
1.061
1.105
1.053
1.065
1.097
1.037
1.077
1.078
1.046
1.106
1.062
1.054
1.110
1.074
1.070
1.055
1.007
1.067
1.111
1.087
1.127
1.095
1.083
1.092
1.028
1.032
1.020
0.920
0.920
1.064
1.104
1.105
1.121
1.053
1.077
1.037
1.021
1.041
1.001
1.026
1.122
1.146
1.158
1.126
1.130
1.146
1.082
1.094
0.955
0.863
0.863
0.863
0.919
0.907
0.851
0.847
0.972
1.036
1.068
1.084
1.028
1.036
1.064
1.040
1.089
1.093
1.053
1.109
1.141
1.109
1.121
1.117
1.106
1.114
1.110
1.094
1.118
1.086
1.114
1.110
1.071
1.083
1.071
1.051
1.091
1.059
1.043
1.059
1.003
1.084
1.076
1.056
1.116
1.024
1.044
1.036
1.004
1.061
1.005
1.021
1.097
1.045
1.093
1.057
1.041
1.046
1.026
1.106
1.098
1.070
1.086
1.034
1.066
1.051
1.007
1.083
1.063
1.031
1.043
1.015
1.067
1.108
1.060
1.108
1.052
1.060
1.012
0.884
0.876
0.809
0.749
0.741
0.797
0.925
0.933
0.897
0.897
0.945
0.954
0.914
0.930
0.926
0.914
1.006
1.094
1.078
1.127
1.131
1.151
1.191
1.071
1.071
1.099
1.063
1.152
1.124
1.096
1.120
1.096
1.104
1.128
1.064
1.121
1.097
1.053
1.109
1.057
1.081
1.121
1.045
1.146
1.126
1.078
1.122
1.070
1.062
1.098
1.034
1.054
1.083
0.991
1.043
1.043
0.955
0.835
0.751
0.727
0.784
1.008
0.868
0.844
0.900
0.932
0.960
0.944
0.901
0.893
0.949
1.017
0.981
1.021
1.045
0.961
0.986
1.046
1.062
1.058
1.158
1.150
1.090
1.078
1.087
1.063
0.991
0.987
1.055
1.107
1.075
1.095
1.096
1.072
1.092
1.080
1.060
1.072
1.092
1.068
1.028
1.061
1.089
1.053
1.085
1.077
1.017
1.053
1.085
1.062
1.126
1.126
1.074
1.090
1.082
1.006
1.070
1.075
1.015
1.111
1.039
1.059
1.127
1.027
1.099
1.084
1.080
1.136
1.048
1.060
1.036
1.000
1.068
1.049
1.029
1.025
0.969
0.957
1.073
1.129
1.125
1.201
1.150
1.130
1.138
1.114
1.086
1.098
1.094
1.062
1.039
1.027
1.011
1.099
1.167
1.131
1.191
1.159
1.144
1.104
1.040
1.044
1.100
1.112
1.152
1.208
1.145
1.157
1.125
1.065
1.105
1.097
1.021
0.985
1.030
1.066
1.074
1.154
1.126
1.062
1.078
1.094
1.087
1.059
1.131
1.131
1.055
1.027
1.075
1.051
1.119
1.212
1.220
1.140
1.144
1.132
1.076
1.084
1.144
1.149
1.157
1.121
0.993
1.013
1.157
1.077
1.057
1.162
1.142
1.086
1.130
1.078
1.042
1.090
1.050
1.043
1.075
1.043
1.003
1.063
1.031
0.975
1.011
1.020
0.988
1.044
1.116
1.088
1.180
1.172
1.136
1.172
1.145
1.141
1.137
1.133
1.085
1.109
1.149
1.117
1.110
1.130
1.162
1.130
1.078
1.106
1.126
1.146
1.223
1.191
1.147
1.091
1.135
1.175
1.175
1.183
1.176
1.136
1.156
1.144
1.092
1.108
1.124
1.040
1.041
1.217
1.089
1.181
1.201
1.073
1.173
1.089
1.034
1.110
1.038
1.010
1.082
1.038
1.018
1.066
1.038
1.023
1.099
1.087
1.063
1.107
1.091
1.043
1.087
1.112
1.096
1.076
1.124
1.136
1.064
1.016
1.076
1.249
1.261
1.293
1.269
1.241
1.209
1.209
1.177
1.154
1.082
1.074
1.146
1.154
1.162
1.194
1.130
1.175
1.171
1.103
1.127
1.115
1.067
1.107
1.123
1.059
1.104
1.080
1.052
1.052
1.052
1.056
1.064
1.092
1.069
1.105
1.117
1.061
1.109
1.093
1.057
1.085
1.090
1.082
1.126
1.126
1.102
1.050
1.090
1.094
1.075
1.139
1.175
1.139
1.051
1.047
1.115
1.051
1.100
1.208
1.096
1.120
1.140
1.048
1.152
1.104
1.049
1.137
1.061
1.049
1.153
1.049
1.053
1.085
1.037
1.102
1.086
1.022
1.074
1.054
1.014
1.054
1.070
1.039
1.087
1.099
1.059
1.087
1.099
1.103
1.123
1.116
1.068
1.096
1.120
1.088
1.120
1.112
1.032
1.049
1.089
1.085
1.141
1.149
1.089
1.101
1.161
1.126
1.106
1.122
1.070
1.046
1.102
1.106
1.078
1.106
1.083
1.047
1.071
1.103
1.059
1.111
1.135
1.103
1.132
1.148
1.088
1.012
1.000
1.100
1.144
1.220
1.249
1.165
1.161
1.093
0.985
1.045
1.153
1.101
1.106
1.038
0.922
0.870
0.758
0.734
0.702
0.714
0.707
0.743
0.867
0.903
0.927
0.935
0.891
0.927
0.960
0.988
0.968
0.960
0.932
0.868
0.792
0.768
0.768
0.793
1.061
1.041
1.093
1.121
1.065
1.089
1.069
1.014
1.034
1.078
1.062
1.106
1.138
1.118
1.138
1.119
0.995
1.015
1.039
1.043
1.055
1.151
1.139
1.096
1.196
1.148
1.068
1.076
1.076
1.072
1.168
1.137
1.097
1.137
1.125
1.077
1.133
1.109
1.033
1.049
1.034
0.930
0.862
0.798
0.774
0.798
0.866
0.830
0.811
0.779
0.771
0.747
0.727
0.719
0.711
0.775
0.956
1.032
0.984
1.036
1.072
1.044
1.020
1.016
1.033
1.077
1.125
1.125
1.145
1.161
1.077
1.041
1.090
1.094
1.090
1.146
1.178
1.110
1.142
1.118
1.055
1.079
1.063
0.991
1.031
1.091
1.059
1.107
1.123
1.064
1.048
1.064
1.076
1.040
0.960
0.896
0.872
0.905
1.029
0.981
0.977
1.025
1.065
1.045
0.993
0.946
0.906
0.870
0.958
0.954
1.070
1.118
1.086
1.103
1.127
1.099
1.095
1.127
1.071
1.083
1.167
1.156
1.076
1.172
1.188
1.056
1.020
0.996
0.960
0.896
0.864
0.864
0.960
0.936
0.988
1.004
0.952
0.908
0.924
0.924
0.880
0.952
1.028
1.024
0.924
0.944
0.936
0.892
0.900
0.908
0.892
0.884
0.840
0.844
0.828
0.836
1.076
1.036
1.052
1.076
1.100
1.092
1.112
1.112
1.088
1.120
1.140
1.072
1.076
1.108
1.076
1.156
1.144
1.136
1.164
1.112
1.096
1.104
1.044
1.028
1.028
0.968
0.956
1.032
1.104
0.956
0.888
0.824
0.820
0.820
0.816
0.816
0.824
0.820
0.784
0.804
0.800
0.796
0.764
0.772
0.780
0.788
0.804
0.804
0.860
0.940
1.020
1.008
0.996
0.988
0.992
1.020
0.960
1.056
1.104
1.048
1.140
1.168
1.152
1.124
1.088
1.032
1.040
1.076
1.128
1.096
1.140
1.132
1.044
1.100
1.124
1.060
1.152
1.136
1.148
1.208
1.152
1.164
1.084
1.184
1.240
1.132
1.084
0.996
1.012
1.040
0.960
0.932
0.968
0.984
1.024
1.096
1.052
0.932
0.916
0.880
0.864
1.064
0.996
1.060
1.124
1.088
1.112
1.080
1.016
0.984
1.036
1.152
1.188
1.124
1.144
1.168
1.128
1.104
1.144
1.156
1.064
0.992
1.056
1.300
1.304
1.192
1.124
1.140
1.176
1.164
1.120
1.180
1.192
1.180
1.200
1.204
1.180
1.160
1.120
0.972
0.932
1.008
1.044
1.288
1.224
1.208
1.228
1.204
1.192
1.180
1.124
1.160
1.152
1.140
1.228
1.176
1.156
1.188
1.136
1.128
1.104
1.048
1.100
1.120
1.080
1.144
1.140
1.104
1.132
1.128
1.104
1.136
1.100
1.056
0.988
1.056
1.112
1.072
1.220
1.140
1.124
1.160
1.072
1.104
1.104
1.064
1.120
1.064
1.064
1.136
1.112
1.088
1.128
1.096
1.072
1.072
1.016
0.984
0.992
1.000
1.004
1.056
1.052
1.068
1.120
1.068
1.076
1.088
1.036
1.092
1.080
1.028
1.052
1.044
1.028
1.060
0.944
0.900
0.788
0.752
0.740
0.924
0.980
0.888
0.840
0.836
0.836
0.852
0.856
0.820
0.852
0.892
0.956
1.004
1.016
1.076
1.096
1.076
1.088
1.084
1.096
1.044
1.080
1.116
1.136
1.184
1.172
1.084
1.112
1.092
1.032
0.976
1.024
1.128
1.148
1.100
1.160
1.164
1.092
1.124
1.116
1.080
1.168
1.172
1.100
1.112
1.064
1.032
1.104
1.144
1.072
1.096
1.168
1.116
1.152
1.184
1.128
1.128
1.136
1.104
1.092
1.128
1.124
1.120
1.148
1.144
1.116
1.144
1.140
1.108
1.132
1.152
1.128
1.136
1.116
1.032
0.944
0.940
0.960
0.988
1.048
1.168
1.140
1.148
1.164
1.084
1.060
1.068
1.024
1.088
1.092
0.984
1.012
1.040
1.016
1.120
1.176
1.108
1.176
1.152
1.124
1.120
1.076
1.064
1.092
1.096
1.084
1.116
1.084
1.076
1.104
1.068
1.084
1.132
1.100
1.096
1.124
1.080
1.108
1.128
1.076
1.120
1.152
1.068
1.100
1.108
1.056
1.124
1.140
1.084
1.112
1.088
1.076
1.140
1.116
1.064
1.136
1.100
1.032
1.044
1.068
1.012
1.076
1.124
1.080
1.128
1.100
1.044
1.052
1.052
1.000
1.012
1.020
0.996
1.024
1.056
1.048
1.100
1.136
1.076
1.124
1.116
1.044
0.948
0.872
0.796
0.788
0.748
0.732
0.720
0.720
0.732
0.728
0.728
0.728
0.708
0.708
0.712
0.700
0.704
0.704
0.724
0.856
1.260
1.148
1.132
1.164
1.164
1.148
1.076
1.144
1.164
1.100
1.156
1.216
1.156
1.160
1.212
1.192
1.096
0.984
0.840
0.788
0.740
0.748
0.708
0.684
0.692
0.720
0.872
0.812
0.956
0.948
0.956
0.920
0.856
0.804
0.796
0.796
0.804
0.836
0.868
0.976
0.964
0.952
0.924
0.864
0.828
0.776
0.728
0.696
0.672
0.664
0.676
1.124
0.956
0.948
0.948
1.104
1.192
1.152
1.116
0.980
0.884
0.844
0.888
0.968
1.168
1.072
1.000
0.992
1.044
1.080
1.056